0.03269545243816756 0.06905226932433818 0.05821073494060364 0.005519811553349701 0.04642533288670133 0.10157719444517262 0.01313349958734102 0.07953045857604626 0.08475571793804251 0.09802994077177603 0.011234065783043453 0.009432150128259898 0.10858480689075056 0.026955718217538782 0.07669245535090487 0.027946502399349482 0.03924234356780869 0.0008252230971046026 0.09614066412117292 0.014015657982527897 
0.0676175782283929 0.010041195276154075 0.06902198176942335 0.02228699975013583 0.06878277990982305 0.0909214451933582 0.02241299382594381 0.04550369054564642 0.1027058327679697 0.03920882730083102 0.02454334245107539 0.03633394962094776 0.04190979108271992 0.05633216734628824 0.030029951386404987 0.03407861701375233 0.07822890715491339 0.015199664123594699 0.07771084895066545 0.06712943630195949 
0.04148306979531368 0.07677225623523913 0.030368598021475943 0.10536592779902706 0.06776832963236852 0.08585872663051784 0.05861158952075347 0.04073010375071786 0.017619699443231995 0.06426988090040008 0.06350774105873203 0.07048856904173974 0.008923818045512238 0.06637476293569233 0.037426352725788745 0.03826414746611711 0.020316378819683987 0.012943107176507072 0.012274815262748925 0.08063212573843224 
0.05029204784842224 0.0645530817274552 0.06236050012571222 0.020170370255137945 0.10281058900031997 0.07470076679406587 0.06343072591600207 0.03393866443300165 0.05809096854301547 0.009886221392531733 0.07253705830567066 0.0942368229278194 0.017590239843628036 0.10863110337046693 0.024906367010473038 0.002880885137810468 0.07676714496964536 0.022088339634772563 0.038995773280586676 0.0011323294834623084 
0.0002600804685082344 0.02066902465327067 0.010140909134746117 0.07947018317889835 0.0388010993293929 0.04592137366884407 0.06371020778667434 0.08328671915544618 0.001784005840447419 0.0854111389423526 0.11040080808938026 0.05395098661902184 0.03272446818118659 0.04904082781117847 0.04227901047345738 0.059015287633245976 0.1049535659065496 0.0015838925569067533 0.09297757866119621 0.023618831909295954 
0.0015393650946642565 0.06520680106790416 0.09911006835686458 0.11045824170895065 0.01167982713307703 0.010239338763722397 0.004593056897116876 0.02088414372896545 0.03260729347340157 0.08102913901510296 0.010244018396245351 0.024717457885022383 0.03519684034468146 0.0017567637517590681 0.0027709845211038625 0.08199541846315896 0.059657566592598237 0.158931383066578 0.09641457214255666 0.09096771959652611 
0.10872780042262056 0.03899645336483152 0.0204129785590418 0.012934942317160246 0.016617721775241248 0.12711767109987943 0.08721099258618098 0.09795243053343256 0.0029627818900854605 0.09784098015643836 0.02362693576281841 0.06386353511482257 0.08038237638752356 0.058809458834916076 0.019970046647479343 0.035915591245128324 0.03246316623301375 0.03201465172978167 0.03540230150233502 0.006777183837269122 
0.049470805121468266 0.04573419836900476 0.0049207691006525065 0.1052808279886767 0.08419884398371948 0.0796220908014034 0.07515125572015485 0.007031214246313624 0.046037852542022584 0.026721346387587813 0.055997924230575355 0.049758443739 0.07772254380967099 0.04592316674033038 0.005702501429398945 0.03052468196511378 0.08344295100405379 0.04371199660769327 0.050221643241827235 0.032824942971332295 
0.11695480641630394 0.004504848755818668 0.07957317942433569 0.04030417129051348 0.018371057572189747 0.10967146680901985 0.06551283116333959 0.03444976864475952 0.017531060445775924 0.04219360357182156 0.02463447103025834 0.07564782208995717 0.04623817138622784 0.07793012932310213 0.021413256433919295 0.05306717776086711 0.020683086867575553 0.04955899078584193 0.04947273835526337 0.05228736187310934 
0.0652261444367604 0.04890789200019939 0.07710242153539767 0.01858328813585517 0.051222483155431674 0.10554073228311234 0.0032719673907981375 0.036045470018495236 0.0025406966272869037 0.07724321489886185 0.056152517249751455 0.050864921401404944 0.06490266075834586 0.09212685117779228 0.09053398674099476 0.046397737451116326 0.058978711777237604 0.006531751333322287 0.01152800012916552 0.03629855149867022 
0.04460079470539146 0.10050315795337493 0.024413882648229385 0.03447411833957843 0.05155502575296896 0.02205780048911789 0.06588535889624181 0.036498360027566214 0.03845129842176424 0.04501825541034566 0.014056427715766697 0.07841621750955961 0.06640618558241429 0.017106819207726578 0.060379954658741526 0.04145039368193415 0.09296051457469984 0.03757279472332474 0.0849060754658607 0.0432865642353929 
0.04036182974272827 0.07989969586330185 0.0906294239911897 0.05414346818275843 0.008822168167160086 0.03027099277431809 0.017359839216803653 0.05322965032480738 0.009683429947294025 0.012980657895160435 0.07731926957774773 0.05775423375309918 0.07480094748856156 0.05471918276716714 0.07650253220125167 0.076725896039717 0.04919022009518135 0.013244166111450897 0.07159355394825238 0.05076884191204913 
0.0607905430027197 0.038091972597065364 0.03401289418151684 0.04688870800010245 0.02117594307606942 0.0023733043021463137 0.03638965931804216 0.034281997680981655 0.05934742585928936 0.040313329322186967 0.05694764422113823 0.06680997868507976 0.07163010138441053 0.07367280683323503 0.0906585003562745 0.06166924014492706 0.016720211894419332 0.07529628698771101 0.040462677960436254 0.07246677419224808 
0.08795783050711557 0.0523718106064845 0.08866552790882126 0.08723754544727408 0.07540943903214893 0.049889207026688566 0.05056389339348299 0.008093014910517483 0.00720294235227991 0.03624226311625385 0.08521030761124486 0.038378708467239855 0.008485373372242332 0.021391634832347347 0.06367276016151097 0.08799358849767476 0.03619616300520524 0.01215695481426541 0.05092242498320269 0.05195860995399937 
0.0804414960298226 0.04235557775324278 0.0003132205875517174 0.07981706654494214 0.07548338617695668 0.09006966019442272 0.029571613840934437 0.013647544971571344 0.014938438814493664 0.03906938971684188 0.04918061152129899 0.05863396135258138 0.08345843039999806 0.02250941278844156 0.03529886990600935 0.03214345134100869 0.05936537882942722 0.06943273722462097 0.08453622224203441 0.03973352976379946 
0.01278773618313333 0.006460628473178885 0.05379640008962357 0.037387712496350096 0.0033620015521095793 0.0902656592093897 0.04000522209952763 0.13571661615455555 0.12088347273308062 0.025976515065750456 0.06649216592842115 0.08788439935505354 0.08333408805211844 0.01365684010373253 0.057333832575332346 0.004704414100319537 0.08637411015841405 0.012148493887824461 0.019009947383737354 0.042419744398347156 
0.08092353469089232 0.056859437881307894 0.07438806291476509 0.06320952609099277 0.0856602504112708 0.02987774508041338 0.08376800280137338 0.06224217962795001 0.01228145236261532 0.026305494830859158 0.0660066390482823 0.04677546401683164 0.02152831511402525 0.048936081985533154 0.024607455827330708 0.0723912076902243 0.0015041991058410053 0.0211366938540849 0.05645863425671854 0.06513962240868808 
0.08288351621055427 0.0501555562205285 0.10244816576962995 0.06673790110254042 0.009164173922854837 0.02027356448165941 0.004970412550847147 0.027636737674638572 0.04964639242975887 0.06579848627501471 0.04590475654214069 0.07359442865345918 0.020876761562299798 0.09162575268188977 0.03174950422366498 0.002191545800380006 0.02543256191125505 0.07128525168972842 0.07183033982259647 0.08579419047455893 
0.04037100596014643 0.07323784292341419 0.03699562732902039 0.03693151573197848 0.027392133109431976 0.011983017410052987 0.06783053636081743 0.09549674151490069 0.06960262217778175 0.028633029413665294 0.009915364553029583 0.08761563603753185 0.07298629346476034 0.09835811110452253 0.12066446820961296 0.04000402366381125 0.006779606610941894 0.020753732794407335 0.05033318600187988 0.004115505628292929 
0.05170744591341486 0.037073873341409685 0.05202303969865021 0.05909022955828128 0.0918324998992438 0.04486345596063129 0.020684407020811653 0.07101225477989534 0.0056165577502748296 0.05738658852734948 0.0028791384560808418 0.1043769809965671 0.0329566355337678 0.058952604349489075 0.027948405131496306 0.003942803244699072 0.027244432091946335 0.06564556186227104 0.0917974839132913 0.09296560197042873 
0.012432497142446144 0.10902926497390268 0.06499093006804134 0.08572858771863678 0.006907906890785697 0.02031250315240343 0.04123311681782689 0.005544493054310806 0.0297850875987945 0.06237009256866829 0.016515437371574463 0.07994272766510437 0.017191405364015883 0.021813568160775152 0.0873781356703271 0.062044827312474245 0.10684825745733846 0.006062385869956253 0.07259536463452103 0.09127341050809651 
0.07383492867382656 0.1328236082625204 0.007347328982719038 0.07914178456351592 0.025244141486060277 0.008868880472546026 0.044533219314799775 0.0925959097268868 0.07969716642450726 0.0076085014691416805 0.09170208218677808 0.0343389371429902 0.08029642654076471 0.03612007836105115 0.020342766187367998 0.026764927921574727 0.022232628800666537 0.036033811378291127 0.023025889751897795 0.07744698235209391 
0.005210736288519486 0.000523463454285196 0.0803011106427979 0.03792702560610876 0.0032059222396603414 0.056386955056266966 0.019482473101360226 0.0002348870531010873 0.03149783605149574 0.05801560902515831 0.09761134181312353 0.05218280632671509 0.0320939566981721 0.0843237052228734 0.0025170466660762334 0.11058525527014873 0.11651869615073011 0.09335901711805406 0.00034826452737144663 0.11767389168798137 
0.016345111856108298 0.04368726777505232 0.08179619068238107 0.012738298111679836 0.1502899039080704 0.004252045089533572 0.06611787890854155 0.072230108217097 0.050165391785634214 0.03723646185610498 0.07988775897064661 0.07827208467734763 0.0190911448560793 0.04571221430409165 0.019541884316834818 0.04620726875184449 0.01984875406440538 0.004070352661609811 0.10118091519795036 0.05132896400898674 
0.09827447528256622 0.06594770220362926 0.007045089957810221 0.015289500925944504 0.04931113064680414 0.028268218712386876 0.0716590323763458 0.05963808845196105 0.11977547189899317 0.08754090736178646 0.018619828033101457 0.06539216483597066 0.041973650102800346 0.0796598778397869 0.0367842765387431 0.00695553852224174 0.011118063645642735 0.02194001611609307 0.004224807733433406 0.11058215881395886 
0.005769025182448375 0.0003623895290852708 0.10148896554833285 0.021971109899018647 0.0701736650109831 0.04067944663785908 0.05582393413878342 0.06562610168282107 0.002564093918785722 0.03352364604738732 0.07234075660240666 0.002140272716728014 0.009226895011636989 0.0728935009630515 0.07844330751880943 0.058354902372311904 0.10975906544523713 0.017546545470351605 0.010222645260446448 0.17108973104351555 
0.015789817037194846 0.0393106237014615 0.016084197360834197 0.0592645074117481 0.05001513359401371 0.07716204220005897 0.09156211870074213 0.07680684628421038 0.005827638765041455 0.02415274465535903 0.07368412192030147 0.03983401657862379 0.05983885497703294 0.04211688027702656 0.02397207090910183 0.020572569925227126 0.07592990469864067 0.07539339806955946 0.09992637150013091 0.03275614143369098 
0.0017979234488506447 0.0035233745744392684 0.053917637484360605 0.03615077123711016 0.07836150296548966 0.11630979332585152 0.04786196678253576 0.07204527482029778 0.0710604050861884 0.05255417300424605 0.06828305745057076 0.021454940514728755 0.014743482995092304 0.05657207654037072 0.02987137790750916 0.0303644302830024 0.07226088183394928 0.019390529995213412 0.05804780075302327 0.09542859899717003 
0.00489106865854766 0.04785056821965587 0.01916504874536106 0.06120666495134921 0.05765587455325326 0.07153336321813049 0.053710768038453406 0.05959426404927748 0.029852575563305415 0.06246149746742995 0.09657530301553476 0.023157709851096154 0.05820408942113703 0.031593136463730444 0.08241695392792861 0.03180252874305769 0.047182789718329586 0.040642809615944485 0.057805064658842505 0.062697921119635 
0.004733830759411389 0.0505768938748537 0.010670478161664823 0.03361931056811139 0.0466438301010045 0.005051942491489532 0.005698772731835845 0.010640543759561158 0.11060946991049196 0.018590765177385688 0.025429767297508662 0.05502832862742068 0.1270387837176804 0.09637644954322261 0.06426572638310751 0.1164445021012494 0.08279445343043104 0.02312730007596894 0.051160377202090955 0.061498474085509756 
0.034952545158396506 0.08169566499263654 0.05376333159713451 0.0315792245042313 0.03751900453729149 0.03511387142651323 0.05231096429864916 0.012174775522509144 0.027997867790069735 0.06026825366182344 0.1143814399195056 0.1151458505449294 0.05339507703269812 0.05996846087023985 0.04078144314542935 0.015965615635874075 0.06223052528357733 0.025093428276849655 0.02717685484365846 0.0584858009579831 
0.06134800474614266 0.06897586740203472 0.011870389600055674 0.06716273600669576 0.008238299391171107 0.0015899975664088132 0.06106134458971382 0.021466810401384415 0.0890527906338256 0.03806323374955174 0.07512614553282539 0.027604094861819754 0.030468928259935326 0.002705728016455517 0.05461224636711584 0.049281640602521944 0.1010974345308539 0.0820043584269576 0.1297823179418168 0.018487631372713628 
0.05666790082902756 0.033050783395152654 0.008004297136797773 0.028359350964891516 0.07158745991337231 0.02884858687538014 0.05411194442673678 0.07345788302883544 0.05101001109134401 0.0877627044835108 0.006624345625102813 0.08219961655487039 0.0001080620032873159 0.03274549351336085 0.08066190624943967 0.03930757207893402 0.041336883366333475 0.035363884494864335 0.08983397997223251 0.09895733399652558 
0.05441628325554087 0.012124593743146225 0.08111711209941277 0.13775169830735787 0.10844116807073322 0.058729628807616716 0.015896016013594475 0.09064427017334092 0.040761393721352526 0.046880641457482906 0.03426413027881022 0.07166464308390832 0.0034472239077995483 0.038920221793075256 0.03350905636188148 0.0511343517527499 0.0014961030835996996 0.0008919045386138217 0.06429274797751013 0.05361681157247318 
0.004180843340690263 0.004445173251488701 0.06826896259783569 0.008993844949723797 0.10613159820849667 0.019082185870016765 0.0034093788380876165 0.03981656266572999 0.08236462890179183 0.03843693087713602 0.01294745358980295 0.09344364743279912 0.0856967131550046 0.0020676829983186586 0.017199783948855983 0.08930928768620058 0.045478413161387204 0.04432778821337946 0.0937105784337342 0.14068854187951985 
0.06899840146014809 0.024118265093021164 0.026231280503596098 0.018180840129776894 0.06030684459364878 0.057096438486442955 0.010676135569957616 0.01501661963880952 0.054213215033501745 0.11942457518406487 0.10214247846164327 0.01038540171698096 0.08175152937845111 0.054397981284839796 0.046321592630638626 0.04167686631388863 0.07229748821113575 0.037054151632023025 0.09335407487245256 0.006355819804978552 
0.07546248447753527 0.003409487543161678 0.06847996277810557 0.020301965228484768 0.026089152215018296 0.08594346489300203 0.010540038754859206 0.05972326864645779 0.029812644261618712 0.05329698446936113 0.08477712327865032 0.06482088827282058 0.01673681641949622 0.09485431088659994 0.0684285676708067 0.03673972787548254 0.03105545883535733 0.10434539250897988 0.06190363854679699 0.0032786224374050156 
0.016182429980209072 0.050637508908833964 0.0973374154662718 0.0576496524795624 0.08800164526642969 0.00886385559818129 0.048269426620715615 0.008243419733353116 0.027702778535359553 0.024436437084601106 0.014743582295737601 0.04802165956920609 0.05845029279377824 0.07414350304922251 0.050335969463604004 0.05516562965412147 0.09180495521618685 0.04279226050153197 0.09886016547581829 0.038357412307275324 
0.0579791132756236 0.022291814757518374 0.09359373881123137 0.04171395936074977 0.06722486614303437 0.05579638646131294 0.0024684713570705505 0.032820239985834054 0.022576384307272924 0.0466132575259642 0.07420459491523178 0.002788219438146213 0.10178366503501199 0.062471199650840206 0.07643927526323527 0.08779762452131355 0.0914798660142728 0.02028149991843606 0.02212029190737021 0.017555531350529802 
0.050127610685104275 0.01921592827046255 0.024862196657482464 0.08371312667282133 0.08945862790787568 0.034776196853920735 0.0460446655093922 0.05707384999386199 0.062404767559914136 0.01588434669760515 0.06955923249558033 0.09272160456464063 0.06459343892322758 0.05792411565437811 0.026304333699663167 0.025459082117851622 0.04026673108944296 0.016297159883869497 0.06804084323095351 0.055272141531952104 
0.059502178609924315 0.07663491467871417 0.015841037187285346 0.0515445078411053 0.09247496594508513 0.0023916402328386837 0.029251184899382925 0.03973346998580261 0.02156925049012161 0.02455112519575369 0.08707389102014446 0.09899997071507179 0.04781719260424274 0.04186543682233335 0.029103947476352247 0.01889202779990122 0.02769369462541592 0.11216709142682335 0.050557673322164584 0.07233479912153658 
0.049840384035544444 0.02046949607744717 0.0681576311653938 0.07151063948267297 0.11387217267618138 0.040789138763306816 0.04816524350905902 0.09228448668229021 0.028498628595012884 0.06670039760152777 0.0636257091449981 0.06417247971274105 0.002258898572582757 0.009876083189925717 0.08020756738439008 0.08501688385654255 0.008728534298244755 0.06300835419848728 0.01875261162897944 0.00406465942467176 
0.09252618724563055 0.02091714488476682 0.041916658342444055 0.1341152884620727 0.06181100757154394 0.10178404077993053 0.051148815933901096 0.03586263450967038 0.07369439754139388 0.0818599957257476 0.008413636649267798 0.01190376470017541 0.07196648714985983 0.007470435359143232 0.018838515690647935 0.02989617020794915 0.062138174829431535 0.030295848612568038 0.011070260191684703 0.052370535612170796 
0.02172444060413222 0.07336969604641831 0.039159871066497993 0.023543685351912688 0.11046833599882665 0.05900436323262237 0.03318053049067166 0.015724683244690882 0.060870295341811216 0.07030022634054608 0.059199737375009456 0.04733403938785072 0.04898345229645665 0.04862578269699959 0.056243920160646305 0.05200695951405827 0.0570920974526099 0.019776523452858852 0.029571928951371333 0.07381943099400892 
0.07752533233325701 0.08023192554770042 0.0719086663123723 0.002131322664863835 0.06003936120413761 0.04123310953595768 0.030135402442971856 0.04650398156765248 0.030994936334200796 0.09930490908825758 0.00048379739577457436 0.04089515237737638 0.021913058740845554 0.08975314463895241 0.06989257170068043 0.04610599326254658 0.03279160817639827 0.04693790771903186 0.03812293034361947 0.07309488861340292 
0.055120081655132006 0.039302067249633636 0.07500030386772555 0.07714045049328072 0.011858888853360573 0.04990942313568512 0.05104677285944039 0.05696550987757292 0.029536244240016028 0.04903731597581385 0.07614923131391382 0.005850160768323191 0.08855354641521417 0.07089765325195124 0.01454658572626813 0.03423854883384983 0.058787628548227076 0.02410751955305546 0.07397858522893147 0.05797348215260483 
0.05022470144167076 0.07072986226792477 0.0706836926490576 0.05425474062616658 0.049562941399760516 0.08203930607938875 0.06400210175673432 0.04114257618074372 0.03057210853102726 0.015011325481853731 0.10018495994892516 0.021359317312586133 0.10087757495052274 0.04220231687040675 0.06482822103131516 0.020929761413969263 0.07988098088666448 0.012128443901455082 0.028254692994132427 0.0011303742756948248 
0.009405466959122158 0.06074238095959329 0.045172589453496385 0.023353649297623767 0.013829041477009668 0.038234017861042975 0.06783799737506784 0.03418987454096007 0.009489207179342292 0.05845491215468341 0.01757750893419342 0.027362481900369294 0.05783617494500833 0.010805091078573682 0.01881455778382968 0.0735620643465472 0.045585164617455036 0.11843122842551439 0.16646121171958267 0.10285537899098436 
0.08233426055625141 0.06907985851531444 0.04829616023032996 0.019215185340370908 0.003948500018086083 0.062109881882101016 0.009690007151767011 0.04523060432274617 0.1195652585661414 0.020075148379139585 0.08616810570669203 0.01722607366445966 0.02803729167485382 0.02682012455495855 0.016404563971470307 0.055962950507702725 0.08970737389816918 0.023921998476214512 0.10879157311989522 0.06741507946333615 
0.027577610472670835 0.03128387241365961 0.02997103034722827 0.0853171670045644 0.12377989143329805 0.04944580981229974 0.06730184702317063 0.0619562808835138 0.040806160962601555 0.09005965759443516 0.030454061197026504 0.016786242925218266 0.013906397927148074 0.05763637048751432 0.012373597796251024 0.0014944564143089282 0.09477878774188889 0.08270006235967964 0.05693981214680326 0.025430883056719013 
0.002004860575933818 0.06619913438814637 0.003964693126639832 0.0419314787649365 0.017111623007803757 0.09235263717820628 0.11480961662801088 0.027158181881603856 0.04085687371447484 0.10890530099633397 0.052536038725317556 0.08394046512015266 0.0006848818673556779 0.028970189208483554 0.024724439544791265 0.059464223516865575 0.058165003737951096 0.08564365406838836 0.0783697032234902 0.01220700072511392 
0.1022576472847449 0.02232635788182329 0.028897698286328696 0.12513761379763258 0.012352538783185187 0.02622124125933094 0.12960078220515517 0.0013364597409159303 0.07696356029894905 0.02464910445990999 0.019574077275364688 0.05705893158011848 0.04862950003104421 0.049774986221029015 0.032054880724013815 0.023979659496210722 0.048445525606772205 0.031869117907086436 0.08094947891296254 0.057920838247422037 
0.024110127051220946 0.0581003172173965 0.033654212102155696 0.08378218439303743 0.050746197752352194 0.0034972480659683815 0.01946879552259828 0.11197535713571109 0.1400687533600295 0.04054877071371841 0.00798188304909261 0.011521586166571523 0.04889404820237959 0.012573802868891842 0.10463387008456708 0.11838852908774025 0.013588612668937754 0.042606939488967197 0.02553992482411541 0.0483188402445482 
0.015340161347039218 0.06034032956833229 0.051267417427499365 0.03261165998089944 0.03572801177421555 0.0021187096116865763 0.09083101330712483 0.06823389976585806 0.03665864504543152 0.11037333811809895 0.009199204972346733 0.052251482776413616 0.0687118651295002 0.04357192548458101 0.00793149417682037 0.06814414349618916 0.08218243020899797 0.04416525407970565 0.030382762691485644 0.0899562510377739 
0.037904557096105976 0.07101077104261695 0.013247163325469402 0.10767920786389377 0.05508695298226689 0.01902370924106484 0.039800184037364 0.06310245230321394 0.0001212606152004821 0.02835201159489618 0.1076616396471225 0.08801671205985025 0.0949623951442485 0.05945290368160296 0.05816201108635995 0.047628030752634984 0.0023655269479436565 0.004317541643473989 0.03775237575565583 0.064352593179015 
0.061809934527319185 0.06880325931283106 0.0030412768010893623 0.012046914536189167 0.020974424992843802 0.02623808708580761 0.0731029111356902 0.030684950928207437 0.035240198473344635 0.05800167574086357 0.08924701520369868 0.06639292287980446 0.0027863076123607515 0.015633716690637445 0.07867274603541671 0.04424024223794634 0.0721694148862049 0.06792124177333714 0.07316037495311109 0.09983238419329649 
0.0034876823083479285 0.06509309311462179 0.09956250643794107 0.05278499521889255 0.025830644061169326 0.00990883688478319 0.017839283824223298 0.07361650885511171 0.026298406392404536 0.016220194758377736 0.0657131878565381 0.07916324188488734 0.0661948159007378 0.006286441106965584 0.05991087675517431 0.12689570347931897 0.0200678923245457 0.10150826077415132 0.07794217806395852 0.005675249997849245 
0.04872534690597841 0.02135402081568769 0.03290844570763822 0.07545605910702528 0.05439322408857356 0.09009434287624446 0.015045440394438952 0.06651574450232008 0.04353342527134175 0.06448766042077117 0.09571886986152273 0.07147255081615099 0.047194962414620026 0.014582379300168874 0.06262385717729883 0.11424076790105744 0.023203865276307026 0.014554503914098633 0.03913818136783671 0.004756351880919144 
0.04076597193862177 0.05894808085457061 0.05949291658951837 0.04962511242657906 0.08140923720079445 0.08211052563309329 0.013474259305769981 0.03936156752180929 0.07613827990514734 0.07503096996603173 0.007955078166967687 0.055232616620856725 0.08795957778615396 0.004787725192000656 0.03065983348132776 0.03592607062900599 0.11841193010327702 0.05719104287910766 0.013066373260623175 0.012452830538743655 
0.030081796779787468 0.05741200824925858 0.06164481475686688 0.060874261332027224 0.02274151766824699 0.08392301664381352 0.028311828877127933 0.050231660686326035 0.02754038679784521 0.06855864022908853 0.08088715643699516 0.07768478340139214 0.01953566932134298 0.07637780665302832 0.023403366731817248 0.010579576489043611 0.010662420252089954 0.04154813176555062 0.08321315280721352 0.08478800412113813 
0.010544483047635625 0.047768118221962516 0.017924999878917238 0.028954679857478016 0.06244865373577432 0.0729994003243995 0.000822584907668779 0.032920268196139586 0.0728579007594832 0.05180404046012606 0.04550560682913851 0.013969754027409163 0.06611901050379429 0.03643427074011432 0.07766967717039737 0.10652953706793135 0.06613117928633347 0.02883615166357035 0.09041971377149711 0.06933996955022925 
0.05455150324904338 0.11996188530716016 0.0021496992027135987 0.06651341554811901 0.008007990100153304 0.006408441490963579 0.05523357747501583 0.11420864758281839 0.07508992146592522 0.07828256329286261 0.06751636010869565 0.03210647429641705 0.08426297967926864 0.042443699950348905 0.06657064478927623 0.041695128482474676 0.04195827846676541 0.010891445017916787 0.006446355723994585 0.02570098877006698 
0.04485338957483404 0.052169231185754325 0.09751029632275306 0.029338827478141722 0.049830425261797665 0.07261678495571534 0.05319915622740753 0.08631671386301648 0.011213567080088594 0.061766748500759326 0.011367841242238094 0.012289322050818388 0.007113201594869655 0.05872019374902468 0.05241452401165201 0.1092738067418765 0.031410825526852676 0.05587177721490473 0.015870403951711035 0.08685296346578412 
0.038090903452070626 0.10138467883293042 0.08023263101729323 0.05912258169227782 0.11283447491570402 0.012829884349959386 0.03550375399778298 0.023932195445143935 0.06422436342381031 0.047407480049038817 0.04871571964806966 0.05164508970507102 0.06644177775164463 0.007416484142202863 0.030228946082081296 0.06635485932217752 0.05049554302945114 0.07495932608586334 0.011861164504483806 0.016318142552943105 
0.05026444355162676 0.052483296204417315 0.04999954790488721 0.03219803791936671 0.06608678066659411 0.09844793696231192 0.04458425527418526 0.008150869693662134 0.08320538062498176 0.008453528840115234 0.02738983377482775 0.040838184417764795 0.02318848694749983 0.14151583282697805 0.0531012550407665 0.005855715022342301 0.06586537280477091 0.030406276089984585 0.05373032873983767 0.06423463669307905 
0.06688516450397264 0.031146822669423035 0.06704504272038726 0.04676818722068601 0.061423055721614404 0.09837285432509925 0.0671280481181142 0.0006580869786334733 0.029614544248587324 0.09925297756098161 0.03896217409467386 0.045959508549934365 0.0344486509328743 0.06895381470969832 0.028410905449121074 0.021603013598261944 0.041978965543091606 0.0750365871679224 0.04765305348932502 0.028698542397597865 
0.05143225414087384 0.010331963599770936 0.03142784074413635 0.07409731311175596 0.06664956066693624 0.07885633440145316 0.0767420817114901 0.1031968225360668 0.013702549983386192 0.08998587120413196 0.06634974524060562 0.028127923709790698 0.0056862875230537235 0.0881603547872593 0.026289808135839626 0.04772477317198106 0.021111918020280288 0.007675415244235815 0.07030445229174072 0.04214672977521157 
0.09556375143538234 0.10143049834811312 0.02051825886583985 0.030651775282602566 0.04104432869594189 0.030406129201309383 0.05037679314964427 0.06422903964380595 0.03736770988273176 0.10243918407721074 0.030501394787301316 0.046376733762263575 0.06346147294541787 0.023206414987863282 0.05233539531564307 0.027430437355330725 0.054703152237960975 0.0153033075103019 0.04471751104374105 0.06793671147159436 
0.021864446025432846 0.061095994960347295 0.0005338113965151775 0.0032496466936827373 0.08391343546202912 0.09064712015053548 0.026390504007725045 0.1382126560888256 0.10174560663195416 0.11753430390203232 0.02926944413202174 0.02641171876562199 0.008601855053386311 0.019033861905619495 0.06899641515537103 0.06759029843259376 0.04898387378920856 0.007008142808648657 0.020968573225245916 0.057948291413202596 
0.07410224363578863 0.03397687208590745 0.038553854989096234 0.012505416250093052 0.07260597622484377 0.050024482044514526 0.054791023637392675 0.02669150731699506 0.034314536870617536 0.05132616398094643 0.07014657165071378 0.016824024109240582 0.14206821546593668 0.054026762713597076 0.036484739813782 0.033171506464801895 0.03607480184891095 0.03758940014265898 0.08367953267131151 0.04104236808285121 
0.07473638430646969 0.01669872615509949 0.10231364656006879 0.08808720100717739 0.06153023644015637 0.0013715496717045313 0.019492977152636915 0.0701724528121552 0.04627683713962031 0.052237363507596994 0.03153368780934332 0.1272092284633609 0.032142812810043005 0.06805132093632592 0.0014437124284888759 0.02000847723065823 0.032733555058134356 0.034110422768295484 0.08707504351928728 0.03277436422337704 
0.055400847606627376 0.060202459547611054 0.010022365469570325 0.0014765800387799744 0.07262489231447261 0.07656150377049317 0.11447386118308618 0.08072819925505767 0.02614463444700435 0.03805757387453565 0.05775110559716691 0.07743831221359222 0.01753131984966509 0.0738849391163197 0.03359118124860351 0.01879216799565999 0.025166572337711968 0.003771560182229812 0.10083191792157775 0.05554800603023472 
0.025765191751088556 0.0504071801924363 0.03634996684529537 0.049459903285550395 0.026122939974724153 0.12514666364002455 0.021458892505875432 0.06864435385216613 0.02943104205395414 0.010733414123359214 0.05536638567491251 0.15112229966923857 0.003590986547586338 0.05605436395337596 0.06016258224972325 0.055911375518864076 0.05691482638982171 0.08111809142903814 0.0242213962379704 0.012018144104994842 
0.11842653774459802 0.042947081274428714 0.0335203110701883 0.054717576803608996 0.0434888577110398 0.09490035011348186 0.0045840754410558775 0.0019594936775114598 0.02702674302068194 0.07664001260577352 0.10025813030846707 0.09517424792470125 0.06481624180382423 0.07111605682882154 0.012145552468291253 0.024998817575576326 0.02773214363747378 0.011857911869173409 0.026948601256321262 0.06674125686498142 
0.08986598500257463 0.020973483456602736 0.05089237776454872 0.029994312115008238 0.0626506637575962 0.054254413101083566 0.057714430529816736 0.019431256911174304 0.06197155132495251 0.10614381570207364 0.028725535796094714 0.006614832854286502 0.006463412519998355 0.08189096221833969 0.07170373382788962 0.05701742302350877 0.06198497734456934 0.05132020933173751 0.06639078582829212 0.013995837589852208 
0.050377255947715256 0.08376483415727667 0.07471254487074112 0.03497176288405776 0.11495118202600046 0.030002714799222886 0.03303561326827285 0.004240464148644309 0.042812238368591916 0.09446161216459567 0.10720387535885555 0.03560756713409531 0.03799605581706526 0.06046104383643777 0.0935805664243345 0.0028649211087599952 0.02554537239539048 0.0533025772051695 0.009418720859154198 0.010689077225618505 
0.021443559970296257 0.12764179202046155 0.06774195351786283 0.06530516667579157 0.09083364299101865 0.054575902263651464 0.053184928260655046 0.16579313781292326 0.09118899627568845 0.055401920854117596 0.025564167732955514 0.011771466440733293 0.019064488632301115 0.02526762340742988 0.029057198076544086 0.013081160627602657 0.02781437513157563 0.020329612339274685 0.004326787638653312 0.03061211933046322 
0.06834939785568685 0.044792229437031976 0.03746521959926309 0.05890708226886424 0.06580433375049476 0.09765669141555874 0.011964696420681212 0.021930636465266762 0.03756744227389849 0.050071858038088425 0.007278900021496763 0.0594883550037811 0.10843644712715061 0.05499351216256439 0.03373255283750302 0.05825615669768284 0.06814099720279553 0.03367847108471579 0.08039460502899236 0.0010904153084831019 
0.029328910410796417 0.014984961636836689 0.08908060581041292 0.08360281992460597 0.010090956606192808 0.0245714248549878 0.09807275503578013 0.005049228562464807 0.02973943903411036 0.0012846601024969371 0.06067562911326972 0.04963160584456244 0.048917044173462 0.045098650779952835 0.018722017269228276 0.07657162330655698 0.11330321583773488 0.03243266316994236 0.09519800862150529 0.07364377990510045 
0.07050125361007509 0.09646884420131474 0.04076236931366806 0.10879196670241587 0.04882615960628652 0.0011206378620936186 0.03224258595407843 0.051371525674549647 0.060330129552863 0.080137083571138 0.040746742799986906 0.023149688247237628 0.06587550544434939 0.06523639600668632 0.05450738167733557 0.0002516923323555778 0.022406226727511663 0.03350227902844224 0.0874939660669708 0.016277565620641008 
0.03666291583538514 0.06392369504888104 0.087575315200043 0.05952972013876498 0.07298302092435516 0.008751825278600696 0.01826226963581787 0.09404862508798685 0.0745859656978951 0.06476381444796031 0.03288423916640812 0.06357792047639259 0.07920536101769786 0.02502957460593821 0.037262712558511026 0.049212733997751515 0.026072890788495524 0.0004211990920237736 0.05855474886234418 0.046691452138747126 
0.022146926930241995 0.043406692948663395 0.0658408197318882 0.06808545086428576 0.056787730931999125 0.015717928579811784 0.09279578456896409 0.06720007437702236 0.04520674192879446 0.07393485162359963 0.03981719750880168 0.03716708821254402 0.004628196892517503 0.042603269409794677 0.07921917505195594 0.035437643388491646 0.06569521765130185 0.04948127098247895 0.055692496500096424 0.039135441916746554 
0.10533238759988829 0.0001799602551419634 0.005205907801812482 0.05207809170648925 0.1151182880407483 0.0874433157602287 0.06555877562342616 0.08017691928526789 0.024368138225464967 0.03231465188939404 0.03858885816275042 0.003494392908162719 0.06916377732278185 0.044774317440425475 0.041131565478205546 0.059788597433927754 0.003942143596766659 0.07475189620599794 0.08965777996379283 0.006930235299326754 
0.07510200491821208 0.09930975429667473 0.02299728857829 0.11874555389325228 4.614631178990404e-05 0.07928240703383199 0.10703980640446972 0.07277746842839 0.060765816919971065 0.004523873548204506 0.07522697627048683 0.02888846274840138 0.01154579489112575 0.015750223042046485 0.03920089713169088 0.06404683273758707 0.043761694209301524 0.01200767944548407 0.010855480822145273 0.05812583836864456 
0.0266669870583028 0.06970845312747613 0.07356821517131477 0.1101939886399292 0.018016446964782672 0.10697139886705707 0.06279851188290113 0.018331202912241003 0.012428053271005067 0.04661984384706013 0.03401205517411738 0.027072546211491477 0.039049601400906075 0.06836760362821198 0.060939451718856924 0.005148398684262051 0.05488994129512773 0.028423267949990227 0.03413657880020481 0.10265745339476147 
0.11565786006179408 0.032542655492477236 0.001814396660040586 0.05704437632418858 0.1071992446167982 0.07201416118447508 0.03154885273985393 0.023490399503528207 0.03864497506595313 0.000827715818547206 0.03421424682027551 0.06779780201972442 0.03775932238909502 0.03514977432064949 0.08693775587593154 0.06648661374770565 0.09759667373500261 0.005321955947194485 0.05904460927235014 0.02890660840441483 
0.011851715581810793 0.06914895033238341 0.10191836062703843 0.11030742652363121 0.0011684123942440653 0.019056556221024548 0.058217340524486356 0.052161600461583 0.03724640606566108 0.027811089218261115 0.06029432723077861 0.05363397217440235 0.014934934477788412 0.009861951198112328 0.10914634656105128 0.10397400628675046 0.0002757986475718032 0.0617618983957772 0.07118236812809789 0.02604653894954567 
0.1181617108249832 0.04960788321595687 0.04332662399439911 2.2711826746865886e-05 0.009446137481285663 0.10436942487674868 0.006269050748734868 0.011666883464258256 0.09378861590811186 0.031279361856319146 0.03865602040795427 0.11655851131792298 0.0394723844203094 0.02893630802387548 0.08322420285407965 0.0873889759014311 0.025762402191615824 0.03766028868188206 0.059170783297151905 0.01523171870623286 
0.0019735745710839224 0.030972058215689012 0.08263579984792734 0.08954886038139274 0.08063823110956639 0.022789444998377515 0.05075561930072869 0.014910033599459725 0.09405493242155398 0.039952761859370675 0.02453618488779375 0.0669239362086988 0.002883821993179158 0.05007162872441528 0.06959597401148497 0.08483118781795307 0.01483838906573052 0.017987877533413004 0.07031518355157447 0.08978449990060693 
0.04283938857064694 0.02688803898079677 0.07069360949243617 0.0065621607547321345 0.04855050289404526 0.0003397725095101142 0.09481540071265847 0.0452461624418416 0.027850348623191547 0.0656983044782026 0.06668215147113563 0.07207780219396567 0.015572496396420828 0.08963679792183009 0.051702126425386 0.04901531775756133 0.08266421739651098 0.051304388936236775 0.04871500058277349 0.04314601146011754 
0.029808711026294323 0.005750053078236159 0.08331183597991397 0.015852697018325625 0.04949537435221032 0.03911893320863795 0.004800271405312256 0.07829510392446959 0.08742542009515314 0.06549902182523266 0.08204865476833935 0.06904373586725022 0.021779092487749153 0.001235191099836034 0.0657522004742995 0.08254427169219719 0.0444508424844894 0.07788943670684052 0.056444908055294965 0.039454244449917644 
0.028653496907592307 0.04636585913615783 0.02650896406638752 0.018527984895923423 0.05600807796624925 0.011313081884640785 0.1028677113500279 0.0012605608225777461 0.009451610357839509 0.11465604723534231 0.03603875493492209 0.015493418649094082 0.09975840126831745 0.11033176685034715 0.022609204733252012 0.02981276931591943 0.015894218212669137 0.0352550357275815 0.12454798283395543 0.09464505285120307 
0.010965027141775106 0.015399564272554718 0.05365750454222682 0.04483173166905356 0.07548439072735137 0.025774827007960653 0.03385161369571178 0.05316476533359124 0.07883830855317352 0.0032496232479819432 0.10607630909483613 0.09182376787956222 0.03115199933898332 0.024537047365849024 0.04424807247872552 0.11000875563905094 0.02506617491360341 0.09289453389027096 0.04719087269068689 0.03178511051705088 
0.01832012610423519 0.08470771056852865 0.04423321164583032 0.01596084278556755 0.019682469057640876 0.007362315372910625 0.02979593378074693 0.03290553781494688 0.05736417063823682 0.08013321700678856 0.04339866691588439 0.02581382027413112 0.009510150583546706 0.08197716497711909 0.07706459634226215 0.10036919370208426 0.12349684410870747 0.049328827436712366 0.08186095933855334 0.01671424154556668 
0.010858321282082844 0.07024238233548809 0.06106286090094114 0.15252148851577912 0.07934063913496606 0.04661023611807159 0.07557819927654082 0.04562713393833851 0.04762482119666659 0.031896459257866945 0.01548184034512139 0.0020056926349343606 0.059394707377460165 0.03092436041504438 0.11780842437313135 0.052595044834911855 0.009050298768228326 0.01036658314180517 0.044465877223491726 0.03654462892912967 
0.05901286294852891 0.00925303510945187 0.06819410028087024 0.024915089271275358 0.010952115455107615 0.05193524164629996 0.04142533848306533 0.015671494105701553 0.08089744110608764 0.08077600612118083 0.01857197254535461 0.09007276949625923 0.059749290489617336 0.08358641903176049 0.0765077454217506 0.0752972211774633 0.022928164300064332 0.027151198376265378 0.024996135405380693 0.07810635922851476 
0.013864697040886081 0.045749902380988056 0.06856270854305632 0.0004673940802690273 0.07778633184014475 0.064156473208647 0.06889917802610923 0.040223859764042816 0.07664012463389064 0.10356712481443367 0.01623591148874834 0.013815344800882043 0.10483353984756776 0.056417848470758855 0.09060484112553249 0.07341517658049235 0.0162976276381172 0.022614709118380205 0.020640039635984857 0.025207166961068374 
0.01691932595240152 0.018826313611937123 0.0372351352187614 0.006323408254748648 0.044565004014693356 0.013424564526251372 0.08518684231868336 0.12078102009736291 0.10006927981324217 0.030339913399345782 0.0016881686683606993 0.08404155141215228 0.022105091334765486 0.07013184133823816 0.08390705266696859 0.07828946838627787 0.01158734884929703 0.014334169469434579 0.08366794291080666 0.07657655775627106 
