0.07849218055526122 0.05914869106249654 0.0628861535847003 0.05440378205988119 0.057509841702444 0.03861259586024721 0.06323695314585007 0.044980693067354846 0.03245951985387997 0.05562835066649966 0.013689482930864656 0.07515980366437347 0.05330383535017824 0.017804213542998236 0.049071889213156666 0.04671429433810016 0.06577059432188928 0.06206063786677728 0.015357707699873357 0.053708779513173655 
0.055565586799528895 0.07116963809050227 0.005399959936125422 0.07562931334914078 0.07305823477974703 0.028938961529627844 0.0665296262458883 0.06791158019683403 0.009929440060585538 0.0372651902064623 0.08940236544628899 0.033765955999880665 0.07585788830408445 0.11988542413150784 0.059635497282236716 0.007652138489526297 0.0370566148779865 0.049640876966356884 0.015807069781258207 0.01989863752643108 
0.015731577232423723 0.046853890480253804 0.05031308640773333 0.02892332180811784 0.10079293890324974 0.04037643574905782 0.08823258861207353 0.061233352407524796 0.013683419747028488 0.021138946382864652 0.0038775560515154094 0.01129217300873081 0.007895191733752175 0.07370682076087916 0.08264568287237217 0.09528450788388114 0.06317358183511505 0.0156709905476592 0.1161263450384169 0.06304759253735034 
0.022377971203250586 0.00947930767623855 0.09606053689179513 0.04825939706903103 0.005378091358322385 0.06935392761998907 0.09943009011206974 0.02863765673867584 0.06170310035380402 0.07838529653316192 0.0317449703586928 0.014869892593737291 0.0330858525846569 0.07311269232770616 0.026947629600562746 0.013645688740178437 0.09098625827399338 0.09949462855162064 0.047137358243978224 0.04990965316853518 
0.03514304814723963 0.08325657498819909 0.03293942593294529 0.07467036659297055 0.03716734636484966 0.032871373259520796 0.027876587395792237 0.07326060287669704 0.010067448740651005 0.08448301426857907 0.05273753922729555 0.07007568522827647 0.10685619712383317 0.02651882540043991 0.07310196046871413 0.0344083787897833 0.06642934367544845 0.0006692283321544835 0.023512931789247942 0.05395412139736222 
0.08807379311343182 0.020736417036319482 0.05764983297714543 0.07567124392599499 0.018217374752296785 0.009978414736634238 0.03516976583177615 0.09160794046699934 0.07128480159308968 0.0461015687528146 0.033527489567188616 0.056872509011963966 0.04114419266636259 0.0008467689044113555 0.09191804465270931 0.02588460071490586 0.03712258217792583 0.07710984526020309 0.07887045826394833 0.042212355593878544 
0.07699668789305028 0.016852566352940204 0.02695416971933268 0.037461568216841455 0.0756937196799905 0.10410912898550319 0.0811113704705225 0.008896379521802342 0.023417050607287986 0.05996119892803353 0.05627349155192221 0.04086534778399347 0.11284893739148386 0.03189061077155093 0.024744841200770838 0.09152384014269971 0.023599395093919603 0.05050728592193416 0.049110917635956264 0.007181492130464262 
0.02060276888107877 0.07660952461161097 0.009281860225790748 0.13135221987092302 0.06529504397475612 0.0008835770850825428 0.03674502213868402 0.053168164818916515 0.09453578926049261 0.0570757401670416 0.0415269424543306 0.012997215615317843 0.012701314074006905 0.0005585840923036816 0.07304602430762064 0.018519523793741645 0.07169091751175234 0.0459773624490826 0.08101963322058449 0.09641277144688234 
0.07421645702612806 0.06255410904916407 0.06637778408279955 0.06437163173266092 0.02220890321139772 0.00904593118777327 0.07565923588724915 0.04326610889109885 0.045732826006216074 0.06570934219486585 0.07375417779405477 0.06801963307074646 0.02131851812877193 0.025161420065850666 0.014466426451045893 0.08623539569208881 0.08689078640305024 0.05305623979795899 0.0037191196375551713 0.03823595368952354 
0.03335079104687518 0.0012043046180997585 0.03828807975182156 0.00017663218309972142 0.044032427415459034 0.05328082828800495 0.013768336659906613 0.09953619367739686 0.09653399190668153 0.04548340526353664 0.04399662455702299 0.08265837549634159 0.017435634915141388 0.06811465020900548 0.0003838898071451987 0.09433299888375625 0.10093813758214491 0.04194210901845161 0.011932487634898703 0.11261010108521004 
0.04562122877518004 0.050735583611479215 0.031054433930774904 0.048235378682038824 0.03491436262208318 0.09091985544449994 0.023932285102510865 0.032014542019585666 0.04977010796710168 0.04524922776998577 0.10199640386531073 0.11418423785142437 0.07910934940974665 0.03767034962752143 0.004721643961498817 0.007831345201840558 0.06696696459752216 0.02269660383221061 0.08786309387489577 0.024513001852788832 
0.0701656232993586 0.1065866165952013 0.008157253698350676 0.10116707691928228 0.031085629774333646 0.057866120393691586 0.0923138247432151 0.045615437240231024 0.030699816513472603 0.02814501968399739 0.08667077071118666 0.08707489985469108 0.005326899923402753 0.0773712100923055 0.038506299637127754 0.04810868334950629 0.008486227321745284 0.000539761926012797 0.07034506582021081 0.005767762502676828 
0.06840388390932943 0.07739150764776344 0.06822540283596094 0.06803212271603175 0.013708180373830092 0.022439861100637067 0.07133009207226002 0.06114475185390543 0.09507549449554145 0.031025926081003866 0.013918568777473423 0.04716917641928893 0.06297311436557579 0.020879708019795794 0.060761769761608866 0.07725874022551589 0.04323562072326034 0.05460106942652604 0.04223824692436856 0.00018676227032291047 
0.0648031307305591 0.0679225467317296 0.037736653640214224 0.03520077913881669 0.0012314055038909078 0.0764387681128917 0.07967492029438235 0.04429196079191691 0.004953360176775084 0.06169693236122489 0.0659176913927275 0.054573763976918446 0.03235476314868405 0.07424322243582707 0.03531728279583576 0.08298168800604115 0.051790109793024654 0.033226159510396966 0.03644043260967703 0.05920442884846599 
0.002250038639315725 0.003253921853723267 0.05820637080999845 0.018675487361878455 0.026148958442344085 0.09336903761135021 0.09769932771948668 0.06186103281395996 0.03314796557199911 0.048163688724657636 0.0003828431605727812 0.08485626607330092 0.10356987381699763 0.07985081821815254 0.05465788442014983 0.07395865190397896 0.04044949743730715 0.027488272852800283 0.022633179408878306 0.069376883159148 
0.04151833234474336 0.049402428430338007 0.0016112973931161232 0.09079219904491546 0.06675572810930036 0.016033719840759054 0.0008672393821984198 0.015928135207321826 0.04476890975807612 0.041218701525400456 0.08912002693815348 0.12037630973860824 0.10744847404096021 0.07364124767198753 0.05190900520103826 0.02791043719205161 0.07271778333554046 0.003662823362289971 0.023487731750990618 0.06082946973221032 
0.08974166798536487 0.002767632829123583 0.02529566780800122 0.1065348306624363 0.015122742827884865 0.1096477385382284 0.15363672382947097 0.08527464004947331 0.05407218340165034 0.09141843902070997 0.007104540538292969 0.023318806291209332 0.0022553999067882924 0.033967280706165476 0.0029651601256257994 0.08542369982340747 0.012925563431686105 0.01910126275699922 0.009238513233498308 0.07018750623398311 
0.01795139560037538 0.04829092108034493 0.008781779981611098 0.06192178696592683 0.020733732152380304 0.015043844848016652 0.18892358746049825 0.052869876878608224 0.04760227186166094 0.06389731094867497 0.07412547169966205 0.026739421548915458 0.024530140761587632 0.00014450510459190283 0.07476850111127405 0.04360024234553407 0.09037976633788601 0.009573368882220743 0.07614068300713514 0.05398139142309543 
0.0532301652887312 0.08776595559590772 0.012565185228351644 0.08244914231084095 0.02134244541722462 0.012699513941549187 0.06715218450917816 0.021479338970591927 0.014308634348696031 0.07435924929224265 0.08560374874913308 0.048673493923813066 0.1463081548759668 0.027354454025489874 0.04071852757136972 0.07306153745964525 0.033890940735843755 0.05617558583997708 0.025217850841090142 0.015643891074357177 
0.05872707144925574 0.042428176397313756 0.007183769718477191 0.023194946142278575 0.050744206272731913 0.08023456308900596 0.033121897617395084 0.008967924537671177 0.05390423939575443 0.033593185917557604 0.11973664977817988 0.021402062613851355 0.07302128340480867 0.09224502952872664 0.10734626130691664 0.0170844081187652 0.02167350547706488 0.032192321100868025 0.0762903049579738 0.04690819317540341 
0.0875775966541104 0.025362007681433152 0.0827648640867388 0.0021952905274143226 0.03350297090186785 0.005926062696595167 0.0026962218141070127 0.09144818206874569 0.04387037414653712 0.022874647436833442 0.04324731527296018 0.036561156106733425 0.07112409836300711 0.09847738998329117 0.08627454599571915 0.0586445117807044 0.06753994916072434 0.020299105072213334 0.10142403483041065 0.018189675419853245 
0.07113396746889923 0.05280554640113331 0.051311395946668 0.041063248664916965 0.07908792405030529 0.07059620731880865 0.06723190660809822 0.059145671574445786 0.03156330376002198 0.03111419161420395 0.03322056716024738 0.02173025509518211 0.09071844873395851 0.060790692536450454 0.0012436020008128735 0.07021133970794916 0.02993448355107908 0.057225897303325245 0.05830840982030307 0.021562940683190736 
0.05476748217617683 0.06451399727385707 0.008066782264082304 0.046001299586714096 0.08653150745712808 0.018277058378132392 0.21424629656098548 0.039618224437496026 0.024529224842560003 0.029265806591213448 0.027347188297054372 0.002932571375251016 0.14103894539440442 0.05590229031951724 0.0001061382117523385 0.05044142213197474 0.05571352812615914 0.02970438560353504 0.017216126576930144 0.033779724395075934 
0.06790874453239834 0.1372042844659541 0.02223089074910781 0.14222884458114143 0.037908656183673 0.04806327441397616 0.035818163052853125 0.09391128477018637 0.015115174418103196 0.05118588883373652 0.030689166691576314 0.020644137784842982 0.034828746873254594 0.007231574726443462 0.03031065487106655 0.1406216188231449 0.010949973510350484 0.06268137300839785 0.006568958619482821 0.0038985890903099852 
0.03836929414944578 0.07417912547965129 0.0014714932318349232 0.029894699719512967 0.008264954328216586 0.038640035209841654 0.04240932731856465 0.072963197127738 0.03904175025695177 0.04386736112241936 0.08680600356426951 0.09740986020719421 0.03517476927467239 0.000962238756939748 0.05373997252822582 0.05814029661126098 0.10720104549945739 0.016393449080023076 0.06519571634821002 0.08987541018557 
0.07173282514453778 0.0874641122660264 0.1064547866278633 0.14195018687235827 0.02956924167017677 0.004304568591028947 0.020953490380333284 0.01057981982859449 0.004244950941179143 0.08385123317757959 0.04517549026147897 0.013027276754523328 0.04818401573461608 0.043813831772506084 0.05373426245623945 0.07936139484059916 0.052289154591591204 0.021886100626466693 0.06575978968678559 0.015663467775515496 
0.10593458032933041 0.03989380900487118 0.08711756976032488 0.0017512815719605702 0.021097107870905473 0.006028596210097105 0.08878368574362172 0.018702157948743525 0.07969720596079997 0.06610132454025067 0.04469709149583941 0.046150464569945614 0.005139772110343796 0.053871186054333206 0.07211237997234302 0.10043126632479547 0.02763258665282048 0.014099061350557968 0.05862273777776718 0.06213613475034836 
0.04516162457268469 0.051036538608414866 0.06304830260951245 0.09920794676412553 0.052964582848883515 0.05044308229417287 0.03258053960257955 0.04314623197846498 0.07924179785256247 0.08210884572148305 0.04027411805390366 0.034135638844612806 0.09973662690916929 0.008169538034742038 0.031771150327656275 0.0340280590612813 0.05182338015060729 0.046926365501321364 0.01725292778793496 0.036942702475887074 
0.03032383618378632 0.01256461861535404 0.08535591309561838 0.022903144884816408 0.03838623196951292 0.06931710465532222 0.06965299132082037 0.07439234342032833 0.025852965623892853 0.03579056377168482 0.07239923843209342 0.03999469294920362 0.028683199761329804 0.07907932573978281 0.011057305815567749 0.10201026884605177 0.06639348912343038 0.08433973306729727 0.03517969155087474 0.01632334117323183 
0.019385619596961515 0.04007222690305158 0.07896172681375933 0.09090806885945296 0.09223324042405882 0.07411003559816126 0.018014591702993646 0.05172324223922804 0.07507105715822393 0.01854506657643598 0.07363388479656711 0.019491358736511574 0.04987619724491229 0.02105877759424826 0.03680715766746876 0.10296548772218274 0.012777014193485366 0.03002559212140751 0.08013547685940109 0.01420417719148822 
0.0010658653276059162 0.11427591649630735 0.059828197669947396 0.09541189904469671 0.010061591781544164 0.06004293647964229 0.013051192308081376 0.05270676852631451 0.07782978376824178 0.01712348354948646 0.01083933162064248 0.07632694398709068 0.04048069199593212 0.06358358829241999 0.010136541769613866 0.09858862719426692 0.07939718863799865 0.0607831372136741 0.027995982740849388 0.030470331595643788 
0.029998700018263616 0.00604139594576044 0.08737986525944132 0.014774018651439036 0.06052686935810767 0.01962194519694405 0.039746933156332424 0.03428487086211646 0.11816314342751688 0.0030333384019307253 0.1460121119869577 0.016823568016929618 0.08850067659201563 0.05646117223387398 0.11550196364351767 0.026122348574687173 0.042811288282147496 0.014292765808165615 0.06383223518997534 0.01607078939387718 
0.0023898298065668138 0.06481477664966656 0.05725248707281967 0.02946020393410152 0.09754775766742088 0.042991396905958254 0.017560595093317165 0.04086036440814729 0.02826034521468788 0.040042292833916866 0.02521146302422036 0.10418460046811677 0.05929794757879851 0.07057024969833026 0.06275084667351724 0.09599862170410924 0.01009216087657062 0.04776321465352011 0.04156592213296676 0.061384923603247245 
0.08527989091927941 0.02250846040903934 0.02474918155814483 0.0007375291535022699 0.017309450839618573 0.022130296120254904 0.09841581600735394 0.0422817907075791 0.10548895686827825 0.006087566248564144 0.0394588394944877 0.06223015337449263 0.06627869039275708 0.03713241505090858 0.00040426758544724774 0.12639542427053493 0.07875414418969312 0.05421696728740184 0.011474686668089958 0.09866547285457208 
0.04803311698473297 0.03612889904980559 0.020262250965762646 0.11356341424582321 0.05312560566564706 0.01864476492445404 0.056679365478661675 0.06088646855562282 0.0805501699525815 0.09480314320816267 0.04693680925936724 0.02711873382950097 0.05516576912407337 0.018492201377566648 0.06162035628016219 0.03749978279244113 0.030541982760727726 0.020150577490328617 0.061310879434848246 0.05848570861972968 
0.046389466423634104 0.04781102897945142 0.0324841641193377 0.0322860772215535 0.009652939253679688 0.07640636804562449 0.027242533473089258 0.10609960438489163 0.04871133459932515 0.03593545464512402 0.08144069533146547 0.07460692101172162 0.028008696434757275 0.03804649198774236 0.09106908025093208 0.05777681259092897 0.05646754561752927 0.06460664849569595 0.023975825352932183 0.0209823117805838 
0.009321429156467798 0.03840297405293353 0.06676591929697531 0.04671002634912692 0.08712506523426014 0.03942089406748618 0.034428422674328205 0.07941317082822516 0.05410806397224723 0.05581943746451155 0.06195313420115029 0.012386349840991736 0.07432485745715603 0.04769421988076224 0.006812148895990945 0.06123566586832046 0.038886393712740566 0.06595559951141125 0.04644375114022438 0.07279247639469004 
0.069600432386719 0.039640761401693446 0.05752878620950035 0.04207853724038216 0.04394923564590223 0.03309728539632057 0.02045049502902978 0.06459692149149901 0.07780727347863799 0.022065076950372423 0.08940251869396859 0.005162466639104357 0.06813486816604788 0.04030252004427583 0.013873025951449635 0.0625016240105877 0.01871167310165005 0.07907109256540801 0.03753555942352854 0.1144898461739224 
0.06130004713584235 0.06239921119906273 0.03466741192880988 0.024801522323889776 0.006385836383128198 0.007502927879689657 0.02177673333233783 0.02991290211964602 0.07231123128804486 0.10106041218842748 0.03878653398443829 0.051344028234117864 0.03918683154348804 0.09464794934060113 0.07769514936687351 0.06557265005195984 0.06425106242166514 0.019591929045729418 0.022895048271986282 0.1039105819602617 
0.0837824723646977 0.09940249397398404 0.059817614727829906 0.02316697663969626 0.08491254509290988 0.027800289767441953 0.014581385905811588 0.03818436962103159 0.02418039363390377 0.03240789053007054 0.04859666105618316 0.014811979687875105 0.09591128973920655 0.057666520607228225 0.08505676287664315 0.05724681055231725 0.009779312381174967 0.02782140506996769 0.03920236358794305 0.07567046218408366 
0.05442188135732791 0.0044719030884113695 0.01917208483317152 0.054374666762669346 0.03533899366440608 0.05919947653608124 0.04864688782040664 0.08503139986803901 0.00029264954932477986 0.09938704038082406 0.00987833119650293 0.023755031685666006 0.05902522589609614 0.09044238894071606 0.08929361229830979 0.06973606018260806 0.012086974580109473 0.0738506608045941 0.05404163496464257 0.057553095590092876 
0.015664671548543303 0.047957443300716315 0.016452803667108967 0.07060617529498858 0.07960227443999726 0.030768382414955175 0.05499632430004453 0.09323833428262719 0.03523138284206406 0.04633526628452456 0.06476485269961979 0.06176869039545592 0.03185471277188582 0.06852107430330248 0.06785713486328601 0.0738745829864921 0.07598718875158995 0.01727983589331515 0.0038190799811127704 0.043419788978370163 
0.05153643041604844 0.08753515367609126 0.04024495193821406 0.020983588513223527 0.03592174757772551 0.09069038829649008 0.07438374103110804 0.008586967362119464 0.06623888284190925 0.044229257617187843 0.0001989303857432976 0.03580165513602574 0.08565371736911405 0.03152160042511004 0.07798965010942976 0.10363475879934642 0.04078785137357708 5.524896561667149e-05 0.07921568880586162 0.024789789360057945 
0.05499078336175573 0.008556284198734972 0.037395199197640575 0.023953747614463193 0.07467718332655084 0.027248199063958093 0.037166637078154305 0.017250535938670937 0.06420197324062339 0.058176953792710394 0.05286895830138943 0.0413570330671254 0.09634353348427521 0.000982592908499036 0.1198439074980624 0.03836468367082821 0.0032051232064803357 0.11656546798191379 0.06555779433050984 0.06129340873765383 
0.03319308844202268 0.058830934916734544 0.06078907396153727 0.03556977495619032 0.07354965234693996 0.08766858443186361 0.02634850497167083 0.07040160870324012 0.054664656328622725 0.0520042903613637 0.025075921350919295 0.029156454377866837 0.06747921090964479 0.06361566675616799 0.04422517327449143 0.03613699145973887 0.01964362016069444 0.005553805027606197 0.06635061924150722 0.08974236802117713 
0.15699131691862572 0.05835121749557949 0.11261489202870803 0.02761012832446033 0.045338521320299155 0.014267171624512659 0.0017413525714297612 0.018955612904272858 0.05977163398315129 0.002503038971413238 0.03188298865693451 0.08031904105337297 0.09273256535873038 0.05653436274954709 0.06008708361376534 0.05165115745745041 0.02630670869027642 0.01355014421695512 0.048945957498008986 0.03984510456250624 
0.0012519868249434895 0.03822274546471371 0.0943739145011893 0.02936267333784069 0.09427252355781061 0.023430299589197175 0.009401543571569271 0.04049674061460901 0.022400998173650044 0.08735009536042465 0.006639921682322865 0.0841403127433195 0.07283384557308407 0.08820671579003003 0.10832243772669407 0.06101658155224191 0.026626742642064192 0.05156684388534297 0.042081941561111565 0.01800113584784074 
0.03901247696426265 0.033059182836565844 0.03495529569189622 0.08390751006762848 0.06009032206842603 0.05044387918459632 0.1065956627321225 0.07102629202745599 0.00883156852691258 0.0640849370741004 0.08633440817266455 0.0871045116493078 0.01326270513795629 0.008584830673849632 0.06057800122191685 0.01123081915007513 0.0738459008388393 0.015221024517009534 0.005095910240022179 0.0867347612243917 
0.0026719829211068794 0.05282643355154939 0.09443809372784444 0.03874959601977941 0.030419315305930988 0.06609047380661744 0.06583297923135825 0.028525534152811026 0.06766901632032432 0.006133283825681381 0.05887922026726835 0.032128200240099866 0.05869132701166435 0.04203905448622984 0.055797797966813 0.05369413570136013 0.06741001771151259 0.05094476875747249 0.08527902581514948 0.041779743179426405 
0.02609083208770747 0.048791024414566043 0.08150108188080749 0.03625329363252554 0.07002370597367659 0.044387290828858166 0.055595799245287375 0.09621173442093094 0.09891219361186936 0.01191827135076521 0.03366861758488616 0.04250290630888789 0.07820058030068656 0.023566660932636554 0.013766135353623435 0.07755983495038876 0.07069906782985981 0.017054324537442756 0.012179905844269028 0.06111673891032484 
0.00012039209334630476 0.10579768359509778 0.03419877377153363 0.07200891916938394 0.01944526057163472 0.0032601626119489447 0.10110016512628713 0.049706646220681695 0.07939268892105082 0.05593785482819867 0.0024584689707309875 0.031899070661551766 0.01263812088987712 0.08761748857209886 0.0584442004220481 0.0654947193025329 0.1235712290472728 0.05506312482473154 0.028852407573231455 0.012992622826760853 
0.07020033589027601 0.0982913669805372 0.015311658456940633 0.0008342623522306971 0.0026447320477736426 0.09363161590570344 0.0809414706023316 0.050693926257576495 0.09598593823359255 0.07841082018903016 0.047857262782995784 0.010947262253454142 0.0698662265730751 0.07569645255384562 0.0771109322197594 0.020449622873630446 0.03507211040425729 0.023944613947570827 0.013440115960678806 0.03866927351474012 
0.00601387480121571 0.007084754734463847 0.06654040362766347 0.06784960770417969 0.10384656445961582 0.06854715587992119 0.0663366679412051 0.005279465881772801 0.06994943188664099 0.055125472412191526 0.02184744928085708 0.07144446287240791 0.0193740586082626 0.047446763696883734 0.01659736297892652 0.05116350903448998 0.05167240115730985 0.08489957208204746 0.045959294617340565 0.07302172634260422 
0.1140703085149207 0.02798875523250042 0.02114459768226221 0.04683328871674675 0.03603696800546634 0.037859753364239294 0.0008679164479384284 0.05926237523686745 0.1209524363986732 0.024176799347722072 0.09522318040084198 0.08332427600912029 0.07706184081691363 0.017524281406116893 0.12566128682927785 0.07095711527120216 0.0035204475434173184 0.012442867913957194 0.022503707538176754 0.002587797323639096 
0.05022053677034641 0.06757978751448385 0.069021717888657 0.03890776666587583 0.04071599884531913 0.026806635383710108 0.035690180987604375 0.0667839982711112 0.0622707776911321 0.059111940736285985 0.08232578458102194 0.06583443214688409 0.016923878948019996 0.003903109018615574 0.04601359855146722 0.1023006213403639 0.02020578740171701 0.05617247019568158 0.07105095558995819 0.01816002147174448 
0.05252764718159113 0.044664728651776446 0.0842439067616137 0.09279690353056648 0.018953049617790537 0.066885468038214 0.03140800379083822 0.012936527298016191 0.024890547130198417 0.06072661762415754 0.049108190835456283 0.05191422242990437 0.03762321004438658 0.09603421230269307 0.06118426070321054 0.0173397039773586 0.06728756345873575 0.042692472785548316 0.060335345406179644 0.026447418431764135 
0.0412273193351099 0.03587781562387058 0.01635439415478454 0.05900681397776743 0.04378847548972063 0.005260043887697007 0.013777831257660102 0.11230393429444373 0.08653155113520576 0.07518683600550938 0.06343600608674382 0.07928674401917199 0.034744197949582056 0.022256248915003735 0.09016798485131089 0.05679018946040813 0.029983348277238326 0.06543689310555387 0.043234086318031426 0.025349285855186622 
0.05130541229185434 0.034141168893016986 0.08049328630966913 0.06697415885119319 0.09742166601509082 0.0015439567623146409 0.034373784333140166 0.06599038776666488 0.06560695784060794 0.0620069601997523 0.09187400434173573 0.08217322855528676 0.09676623778798557 0.01935418362464351 0.01631395886835394 0.03870059290118324 0.011027078225774348 0.0290373919859694 0.03361976517375158 0.02127581927201156 
0.10170831155406952 0.03311989192178703 0.034894879018915775 0.07410373420757359 0.04829334895043731 0.01333764743845087 0.0012340754804029213 0.04268761515929442 0.006576495047132626 0.076299472416042 0.061367056265858796 0.013185115271990119 0.007849465012260061 0.07895271605412238 0.03223479601341925 0.08763242845055597 0.0815674052326883 0.0728428466333867 0.08749595518003636 0.04461674469157609 
0.08040792783603427 0.03662055529087152 0.14210990915936975 0.01780648380079143 0.0555423026901882 0.006088934750803534 0.16508412591482247 0.057470272619225764 0.04862298918008812 0.011272279966201509 0.015741120134125028 0.06974183052945018 0.03791415807331545 0.06149086679156853 0.060524347581492687 0.009421706741254397 0.07635700794660343 0.003788890159462975 0.028618975996347083 0.01537531483798374 
0.05890018202278286 0.11791352354002592 0.026913675957809444 0.025196962611767813 0.045838470280504716 0.04227583769069474 0.08616256018397142 0.08656544656018536 0.029890703888903202 0.054832363445172325 0.00644289991199492 0.028783017318914892 0.09979714224248092 0.11248753173924783 0.05615768479790009 0.02460638131819169 0.0339429420868078 0.004190945857748737 0.0531297161870945 0.0059720123578008285 
0.025920101559349148 0.06000106458937544 0.02472945336714772 0.08371787825961469 0.04668059575433576 0.022064359781261873 0.07231741566155561 0.0860535013592876 0.015613222284961622 0.06011197115768554 0.10937002399059205 0.1078767169648078 0.007394099417354192 0.05641083862540259 0.005055213733281562 0.09760723841737223 0.02784460619830581 0.02188936947960094 0.01473214650364609 0.05461018289506166 
0.048312987169007796 0.10756569600219609 0.058677166093911846 0.04669585552563375 0.04658640796600447 0.04136232717273684 0.04805975622797772 0.027640869680641517 0.10973614485060754 0.028470000088069693 0.05378080387630665 0.0038807250538547425 0.029095574483772473 0.009036243241819144 0.053810271103469656 0.10390872606498433 0.06005070882731889 0.06864139987801027 0.005041054209201667 0.0496472824844749 
0.005662455431966472 0.009033034057476295 0.02255749625051129 0.10146237379624368 0.19032483962953547 0.021299888340690326 0.11819581003318459 0.07105676577869446 0.022774505995884903 0.043170579992907555 0.034716290192946433 0.05161385670887612 0.005487333756290842 0.026852335151730054 0.01849204012182116 0.08003453543457234 0.027052141838562065 0.020326974775492734 0.1013140269024559 0.02857271581015734 
0.08161623952294582 0.017241132676549746 0.028378460178393745 0.05861272668382405 0.06275542239242364 0.09829987187619925 0.10750541187710204 0.05570145225238345 0.06912341223984152 0.005376617940441824 0.04378985425952731 0.05162384145469173 0.04421601021440521 0.06345384426687099 0.031735170612240675 0.02722904960249509 0.09364031651476168 0.002581834731172509 0.011127053950323358 0.04599227675340629 
0.048927554041087 0.06863834701495053 0.04446896063432802 0.027479766710743106 0.014590352842315454 0.015699421541603444 0.005893686058401743 0.062430514975577174 0.0807859034534724 0.010404557229132045 0.038642028094018704 0.04803341456101197 0.032820460134233065 0.07331583115496718 0.060902917734977524 0.06804077349714686 0.14721435485295983 0.02632709164794269 0.024030609683076923 0.10135345413805434 
0.0268784611048623 0.005337650631739558 0.03287653208847112 0.019688218208548804 0.08234650865583878 0.021512039344561123 0.02938841505161531 0.12550573007584376 0.02958277691072992 0.07936189126018306 0.04990504162474241 0.05329893647627594 0.05910951228048429 0.10391728162573716 0.04179838965848836 0.08613321865710513 0.031749687394585946 0.059696114723557264 0.0207181266037121 0.04119546762291771 
0.014997799633019126 0.10570726247116832 0.08697924067288541 0.11746285195185523 0.0343186160095893 0.008159621585062095 0.13263768714952037 0.11426867867712981 0.07625791272641715 0.0318612400572438 0.0577134303230053 0.1011102586324997 0.006649449227146319 0.009238797225366639 0.011300757800272686 0.02255100706007219 0.02601615659942489 0.008752335255311917 0.0320719884318949 0.001944908511114835 
0.028095830042770165 0.09921161453055195 0.04312390895050564 0.08166519376767997 0.002993631289952614 0.08030386861932189 0.057641047038034084 0.051827098631655445 0.062351846001228305 0.10404971181991818 0.006469695125087098 0.09255881041454987 0.0008498345879531093 0.03963151494389132 0.05800239846234767 0.05946802300412834 0.004242969864689567 0.07254270107726601 0.006650355800519619 0.04831994602794907 
0.0695286224202988 0.04808012781433428 0.08259007540226462 0.058312765341147446 0.03495628751360164 0.019801953236393156 0.11395611121422944 0.00812049942396492 0.027382898403810196 0.056472679084299315 0.09246735011592379 0.13003029864340057 0.07832600766273026 0.04211138197580476 0.11551078943788559 0.003050671833690665 0.013901907650918454 0.004583030224380809 0.0007698737577544153 4.666884316683393e-05 
0.09549416893037085 0.1162590459346757 0.022460301974206228 0.08659985308239777 0.0004421292057553552 0.036121432244488876 0.05770277029497028 0.07254815714083243 0.015574936160755774 0.006041134693717102 0.09704057027960653 0.01697783795425405 0.09819255297809242 0.07332678484831108 0.004634655878020601 0.021426362081130655 0.05801179845206979 0.01156465911355988 0.04249503151091544 0.0670858172418691 
0.10990796718726752 0.07948775921968983 0.06047091254009555 0.0034236771679219094 0.04569604890870603 0.0246852031742163 0.14013244558752547 0.08422858786315067 0.04687676293309387 0.07729324586339223 0.026029638706487248 0.0365278339776601 0.02557027973321127 0.1092269535747484 0.011486638612283783 0.017521186066468405 0.04963320847289207 0.031013398650509394 0.017073862451171137 0.0037143893095088402 
0.003948565975799109 0.05785021799323379 0.04747832022185028 0.05256086855600571 0.0326166105366499 0.025750354022690554 0.13627750291722943 0.03483466444151913 0.07313342713665097 0.04683936564442841 0.02003950974642505 0.07029138008475588 0.10446079199841177 0.020161686036167928 0.042852970973872195 0.04872774449696649 0.09115781922813618 0.051210322556415194 0.023606298985736216 0.016201578447055748 
0.07094474255416905 0.009589333578365061 0.08108574450957888 0.09298795989718608 0.013310844362459695 0.04580349714675423 0.0067338578509027035 0.020381924760085254 0.028174957929134655 0.08986899494018008 0.041188238876402605 0.10842039843688912 0.03442317780163459 0.04684208017909943 0.07647629687328031 0.00883508784119128 0.07688651812968732 0.06084787485485204 0.059301000691806396 0.027897468786341133 
0.06320020083864845 0.025761670062095492 0.01397801821051467 0.009224278540027686 0.08620483916744849 0.09428551183264046 0.0380877199090612 0.10216233215568282 0.05827489994195029 0.03337685617692235 0.02815362807157873 0.061499317654449465 0.054424211688660996 0.02890235717374949 0.03708435259262114 0.029677125573339305 0.08069945680524186 0.05889959663812533 0.057557321900645796 0.038546305066596044 
0.01331361748609885 0.07897099450169402 0.06949769264073931 0.024691751000004737 0.06433464194367342 0.04678235384393116 0.06779638190456673 0.075663503802337 0.01069198656669897 0.011166591268923496 0.10393825787438779 0.07367742041523191 0.06851556197416439 0.052753419236924504 0.06009327845940021 0.05163273445160234 0.017988696453926187 0.0018123819644926538 0.043577594613051475 0.06310113959815096 
0.04996673747949119 0.00551007236489389 0.04307943679240337 0.07412887431599702 0.000833649351795745 0.04738416492240527 0.10462833958224212 0.08065830400214022 0.07414043571366039 0.06748641851800126 0.025559990385840902 0.0081728143165524 0.06729235335992385 0.06418188827809344 0.09286714859272431 0.037789289215044916 0.020681049646683193 0.05949619272685099 0.04115865903656614 0.03498418139868949 
0.006837130652331207 0.08348276533680676 0.0867153103832673 0.08490610896821235 0.06154154891929526 0.0438887656661648 0.01888306752525459 0.06168258878469299 0.07636550847593156 0.04262806578475681 0.06409966741262729 0.007595221866322326 0.045628550566937646 0.09660591048790002 0.05759171365361026 0.05828673994700405 0.01681610706336203 0.02324603519785723 0.04107495240871997 0.022124240898945456 
0.04469907075250714 0.07833040338173941 0.02075070703161723 0.031126586765940528 0.010354995884646688 0.01836587963630379 0.01607627880026606 0.04116767111228216 0.046877362262151064 0.05197869067125278 0.09339780766135414 0.10133970781829826 0.11137619602803689 0.03443456459207178 0.061024664744796744 0.04840431869037641 0.09004157350122889 0.07423536713711315 0.019862237041590413 0.006155916486426455 
0.038131587001499 0.062099223353405154 0.0768578630715071 0.08104696195866813 0.07775926558290482 0.05035979360213023 0.07808780225289308 0.07075768983345886 0.061205135783477894 0.03080527890822346 0.00786677426619401 0.01142943631370473 0.084362094475409 0.07860941693754159 0.055175224814703376 0.03339933495928529 0.04588200808028043 0.01039443725575257 0.017466811810546826 0.028303859738414507 
0.013899710440490385 0.026022426703424004 0.09771554498283963 0.11619034812667699 0.05364822589115278 0.028184302885989082 0.03360128852528766 0.0614887300193064 0.020892956723996645 0.09423404645983428 0.07980627273796803 0.109969968600567 0.050716677847904755 0.05209443413451568 0.02246152085595357 0.0004754335414565983 0.02734937414062878 0.0004830072320032093 0.017368462709226654 0.09339726744077799 
0.0006466696633339278 0.06920535716669013 0.017420033137713356 0.014208018920937468 0.06833865251502798 0.06647457819867993 0.10870532240670353 0.01739121301428943 0.012927304535546467 0.0575684051626294 0.0066298914742963485 0.0590873039097558 0.006768104602180013 0.0892635967974089 0.009185540719479506 0.16136368266894668 0.057307611212051975 0.06180522631368379 0.005229232111280759 0.11047425546936449 
0.079349828346779 0.022460361858388466 0.008383083449364358 0.03181647000327626 0.08434436242675397 0.024444704582064113 0.07075156259888876 0.046385078503582915 0.018252529530721383 0.011630350010217167 0.01370852054371169 0.048209686691363995 0.04635427160409538 0.105187245031103 0.0867856407211668 0.02256254769048276 0.07317069658918336 0.087837117830602 0.08222861498751385 0.03613732700074081 
0.008719831016652356 0.05373233418624321 0.007390877133022361 0.020320348940542823 0.04285110531834392 0.043157157698818185 0.08269000821647374 0.03352508660951302 0.12154151636845428 0.03000662731633366 0.016993479471685318 0.01409130860733368 0.06395192459219241 0.06132802641816767 0.039296774096455815 0.10389684414040729 0.07480597649650045 0.039916284184287915 0.03902530307515878 0.10275918611341311 
0.020760574536971547 0.006969013491200758 0.030909527056679473 0.18272327393828894 0.04250998817830893 0.0029946958450505676 0.1701621383257671 0.03698155226293631 0.05898627436052379 0.01239905858078398 0.06300659829569251 0.009206078543472442 0.034065924448279584 0.0598488223638263 0.12101839185773633 0.06746215972701401 0.019199619273524177 0.008741051730825409 0.016887854982844265 0.035167402200273735 
0.06625745678176527 0.006958714998015159 0.0811028761397276 0.03629656373978617 0.08925172553688895 0.017067869409861443 0.04390737257986683 0.10025076088082667 0.01704404660409433 0.029730001977410114 0.08692369856533773 0.025227933859949193 0.08600128192401162 0.08296016163525446 0.037017637229107996 0.054101651278437024 0.08364327308347429 0.0112882697639503 0.016654124073229387 0.02831457993900538 
0.02566116375899299 0.10868369159433142 0.07302954539987613 0.06684848405180346 0.07637379169945878 0.036742935644102644 0.03914022291495208 0.0015770957803193503 0.019080127732272276 0.07966325130662295 0.050823939693966216 0.02022283770182894 0.11568152376859862 0.05946043915029785 0.010965619808709139 0.026596736043530293 0.016932830010258738 0.044009936113626476 0.07721115551433433 0.051294672312117366 
0.021786364725044187 0.03255294164354912 0.09478877015851507 0.014305831939870374 0.013632148056809899 0.03915335042165544 0.10124744521958653 0.013907325694255991 0.0878589269000754 0.014155110294567168 0.07006946866545154 0.07729625567786226 0.08212174563764209 0.05133145822423488 0.0015253745608393694 0.08380404260831112 0.06445497643560556 0.08796558139658718 0.026598361110371165 0.021444520629165718 
0.0174318025955374 0.015361491101189765 0.09096602055075197 0.12162398085587897 0.011594269699102851 0.029837917816185028 0.03132054462635686 0.011479378114933058 0.021075476887196264 0.04997997402647611 0.09523234841234363 0.03983037879364757 0.0718123781105776 0.0314145990441833 0.06471977142996219 0.0513786464940957 0.11713454144298283 0.037755120908294075 0.018173633035843437 0.07187772605446144 
0.0738348435941719 0.10140278139754681 0.021954357753974814 0.04704352399496133 0.054244904242247385 0.043749399475226936 0.015840505209701383 0.0032623442629565688 0.018375116519115352 0.03507051209432152 0.11316233642170845 0.07966322009989937 0.03282980851192341 0.10199110839654665 0.0764864158470469 0.005272578974741048 0.08231001395686975 0.015352408786551187 0.04004807047943122 0.038105749981058055 
0.03447394375818978 0.0834610444567676 0.039321787608022025 0.08617213549572883 0.07711647427363905 0.03602106655737717 0.04225973658319775 0.0785349640820347 0.04619292288985401 0.023938023524541767 0.043197797939449584 0.09228177254333943 0.030590188689395486 0.032402432517963736 0.0357304379296552 0.038460120788468444 0.03977628814999932 0.09788401561572287 0.013234681229646007 0.028950165367007244 
0.03516243483914862 0.03744697177479698 0.10904203733671229 0.03523440413050532 0.0384645059822551 0.05408619696673609 0.06241419202819969 0.10279798452988063 0.06668261247705883 0.058269240989558706 0.007800552767745944 0.03756716375687855 0.02157475259068398 0.08074158551640948 0.06341101717972554 0.010544822107298702 0.043297113677682866 0.048341401826593126 0.06354547374070142 0.023575535781428045 
0.031192726481793876 0.007764967746150697 0.10759428826201516 0.05263123925536005 0.07555170595010571 0.007073051165077971 0.021149978743115885 0.04480770268463703 0.045517325150886793 0.055260558887912314 0.06964103483668815 0.047318690551204745 0.08019929316210286 0.014401812313660556 0.06475746573670653 0.05706591488054089 0.0888655354854435 0.02841274605853325 0.0384398564366423 0.06235410621142164 
0.05875830964035184 0.05174615269570556 0.08906560143386474 0.022324358502575997 0.059210281058783835 0.06552018267151125 0.022054500364251356 0.09803362558196073 0.0012763658347542354 0.028226389167502943 0.006910684779980695 0.07273314987978045 0.023879483396211893 0.07745410650504096 0.061537405353179565 0.08604188865091573 0.08308811295945356 0.025851128968688544 0.059200181488877845 0.007088091066608299 
0.061366099804325634 0.01583028402371341 0.040856070822628744 0.06092314341587211 0.00731963372185985 0.07114444595740377 0.07151212419976648 0.051770632957325605 0.054118449073058406 0.04647610451510757 0.0611217249997435 0.0836524913566123 0.05492789110223397 0.04242264107766912 0.04727468791471483 0.060652017182098984 0.07225573717526965 0.00577711758804724 0.0488587841874973 0.041739918925051515 
0.06915112172619116 0.06681077528326361 0.043385336532403854 0.02598945719743233 0.03396949242712101 0.013230226221556712 0.019175845497014437 0.051981580978498386 0.07357343844862264 0.0006251430659442204 0.013936834561506333 0.0743622294931314 0.09570190532026909 0.04953768627705506 0.12156567866032 0.003203759056066677 0.0722606101180965 0.04618166625999595 0.04284226483080859 0.08251494804470197 
0.05528591876720177 0.05599347496929922 0.10230902603156904 0.03975839964795965 0.03730668225559151 0.015597130117940972 0.03146687206569184 0.05508764804138687 0.08114187824843315 0.0633962866345188 0.03503163240618059 0.03847084879904599 0.03250878759167762 0.04785841633775316 0.011698073432063002 0.06642863368170762 0.02206249315326763 0.05483050081622152 0.07515387348953971 0.07861342351295034 
0.019406575415551092 0.04129997482266459 0.048747054356733016 0.008200369837353758 0.03380844455824898 0.030087316130914987 0.019088201199291215 0.08650498139393124 0.08540238793502522 0.05818866414582082 0.0015259111121790749 0.037937481391948115 0.11215628197184513 0.09684586263710518 0.006150054024406224 0.11217399622569164 0.023521248316701444 0.0740510058988549 0.08472756660342388 0.020176622022309482 
