0.028692085227635958 0.007623763231423363 0.028966752447525463 0.07011190470996236 0.05011525089637608 0.05575351682507923 0.0975849359709226 0.021213376856422442 0.08421931374580445 0.08637248323401447 0.004794651508890868 0.09141495801392037 0.04137456150805186 0.01144539124639958 0.07326199964383387 0.07283363305020452 0.027039124429420153 0.048579092382213813 0.018554922178329426 0.08004828289356912 
0.01012810870460203 0.08965696566650984 0.04663634053016907 0.09021778240629691 0.028800311727422475 0.08610349472733467 0.0012089561483966766 0.009781162987915865 0.06568671911230543 0.013194072785020883 0.08050953996898523 0.00030831101654051605 0.061856911693879475 0.044180161452279945 0.10813881540281296 0.05429527488131049 0.05712110165462118 0.07835498450990351 0.04745573562603975 0.02636524899765306 
0.06343728041276654 0.08445984877177393 0.008342830950498929 0.043195531559302024 0.0015456724278690253 0.06805185500824562 0.004990045843367315 0.05094652148450702 0.0743117743253176 0.08208217241921657 0.024237345536420086 0.021055425405895924 0.015618643081776585 0.03300851530232748 0.06396559126757034 0.027410601093244922 0.12573020448659866 0.059857125798263536 0.05913137128357304 0.08862164354146494 
0.09150796037963438 0.0172141740960678 0.06347060434298964 0.047183080954967496 0.08660962713302695 0.01168160289760973 0.029440159163490527 0.08156360457012479 0.10010989146433909 0.025714917999916917 0.018140165532336116 0.03492615743178966 0.10612814916907858 0.022392851455420054 0.027246558961613387 0.05787854706269112 0.05812279570236953 0.0440041153236654 0.012885153257267799 0.06377988310160108 
0.060578684393941984 0.027832247083777368 0.06573860946550616 0.04370283986098832 0.05699982755761642 0.07099523218929844 0.10250830400836597 0.012271576078612552 0.03247088945463702 0.030438092288171962 0.08203752573841754 0.02174813619099659 0.044659775324711805 0.04552297948069218 0.06871526636464982 0.03132298146596095 0.033500625862262094 0.048103789740434146 0.09013846408283288 0.03071415336812575 
0.12034900239166034 0.011929307351967303 0.1475228047535967 0.006822362660568882 0.03372464076850428 0.014562157286097816 0.02103954507641761 0.01153706464985136 0.09854648732340138 0.12060784183593021 0.11597357540957108 0.02543239871975468 0.0008502996080422939 0.1304145278215199 0.004384768340531923 0.038405035254200526 0.006973926087375439 0.029649970863169433 0.03641074290688141 0.024863540890957443 
0.011026256812053414 0.03176089863277535 0.04219429262160662 0.05266625621377007 0.03696206322883352 0.08394135561469722 0.052512569601277 0.08544698965153348 0.030810980759426735 0.025037326099356928 0.03283622812616598 0.08983532686927496 0.0633563981242775 0.07039197801426568 0.04336672029606836 0.06118629291824459 0.014057933653593924 0.04334852045629872 0.10764853710011883 0.021613075206361066 
0.0025454845489540877 0.05757666142540803 0.05703615857411351 0.051825015039469235 0.0030769404874264666 0.08179523835234682 0.018124463281707966 0.014624798894961771 0.12141215512543567 0.0007682592538995831 0.02653955020179301 0.1536004660685732 0.04986472246819028 0.18124153233709034 0.029712284178729852 0.019104653711834514 0.09851705784881101 0.01329829797761821 0.013736785207490197 0.00559947501614633 
0.02191005983027468 0.06705492292422777 0.08551145128128082 0.07801228969643254 0.10658216567856126 0.018409044085305012 0.01983131047946703 0.015432494811494737 0.07077141881962774 0.07748430349206614 0.03109437419885639 0.13340269521995962 0.08770689288318946 0.03505188840650519 0.016195306870152394 0.048940199400436764 0.0029020857918922076 0.024626705325901513 0.033060502438633475 0.026019888365735246 
0.04971889903735807 0.031192097200224544 0.01948150176165635 0.08649423281501045 0.026295147949032177 0.02826018311113337 0.057212670717244715 0.16159710683512818 0.0979129461955667 0.037417033160272326 0.0027871561049808203 0.055512042649815824 0.003876336636255627 0.037447598834517565 0.03321534098954859 0.08030720620283441 0.0032091671291208136 0.092274096325009 0.03662679098016343 0.05916244536512705 
0.03416871186642507 0.014966306095460439 0.004690884971187721 0.09477552590380743 0.012925000363335154 0.12943632295927263 0.07542448091707331 0.059355994910862346 0.03373811324317764 0.03866348769399804 0.08073728783898684 0.014128822021269215 0.05440863715836201 0.08520754674329555 0.007431176761675734 0.05170670615153877 0.10262068187129715 0.015217734429982276 0.03831919443980789 0.052077383659184795 
0.04399718926099479 0.02522540075350003 0.000980901158615499 0.08832435572216771 0.029709996712476372 0.07725471884220217 0.04185933528478199 0.004488334834853991 0.07138252681132419 0.06973444908782349 0.05710881640602596 0.039557315698501926 0.029502964483897574 0.02190421200274543 0.07419069814941098 0.05549904378197865 0.06935215585272524 0.07469349619870472 0.10091205824193623 0.024322030715333075 
0.02051421287883259 0.07011312428061703 0.1022621351959175 0.05029229520370966 0.03158605853951857 0.0730463188359952 0.10779614965732183 0.0213996195060421 0.006639885390322456 0.02927004825654591 0.03506553821887668 0.03479531087598596 0.057357589710642795 0.019214977181023586 0.02425283895613502 0.036305658915437904 0.0932794710375425 0.10143356768916642 0.028304512143253018 0.05707068752711324 
0.06780522175809515 0.04626520705594146 0.03958450586865306 0.07852833244091854 0.05404165085643396 0.06343578849213617 0.030720843328320376 0.03488068790400445 0.06616785263331601 0.03366985957966251 0.00525394798147974 0.022671040105436295 0.08630569209216087 0.08012458184203841 0.015314855201279252 0.05110480689285902 0.09487023788216138 0.06801136525392168 0.021853756367351186 0.03938976646383046 
0.0556155531552615 0.056633623087771603 0.0501977541824326 0.044886934806589326 0.029827876203809837 0.0787606824871591 0.07186718175965637 0.007898269188359303 0.02485282508989762 0.06874449720769968 0.0333357902257012 0.0412573366192228 0.10197610623453159 0.08468501703945108 0.03690818913685907 0.03123283626231236 0.03485368885777882 0.052878468786628434 0.07264711980688268 0.020940249861995053 
0.009175535154706338 0.009722273301218467 0.014019377083933521 0.04124557319720303 0.0049723332241013805 0.11758976556461605 0.0317780726233419 0.02027198373239201 0.11193257206579202 0.025648258460932348 0.02448125096196682 0.0697753533683938 0.07963222128571493 0.05153810410682288 0.06814147829706149 0.06622460405518647 0.016572463484962073 0.11085925176996163 0.04772430819578778 0.07869522006590512 
0.05334039592719117 0.055967452469326606 0.04924506923395841 0.041982730564015414 0.10014411971316982 0.10191382318129735 0.06372523156032044 0.03495467541159737 0.0418732356552239 0.042581687460191024 0.042072152186096876 0.0019671796879370436 0.015551653456550189 0.004959581199881658 0.09479844916780225 0.02882635217390961 0.08985219503152114 0.08172054072907732 0.026717873822422532 0.0278056013685099 
0.07191518070892375 0.01052289162840376 0.03775733371079376 0.02980064530631364 0.12600700147756166 0.023013811956760093 0.08338289638450737 0.015273844930943727 0.02482234993689184 0.09549086009381394 0.13326968413050197 0.06979388790250138 0.0006225397283139725 0.04934159504478701 0.0286290763490443 0.05174035751264607 0.06632546189385105 0.0015603194437504306 0.0455436230738175 0.035186638785872804 
0.016579762586151355 0.08528781852721458 0.0843389730804305 0.08067575799267332 0.03139582772891256 0.09857404065339677 0.05135487689676544 0.0072674666017005915 0.035409202397993854 0.017195827387438002 0.05392841922302072 0.06886245096724873 0.0761376798338911 0.03632270526146283 0.05754232638537559 0.0007113192856384117 0.021254202927925223 0.050950920535027144 0.07194130336104972 0.05426911836668358 
0.01836110474277336 0.03436393238986878 0.029267451081974313 0.06083417846911768 0.07319569842278385 0.10527910938268328 0.03238692846210401 0.09468535642745204 0.09244882407109488 0.09020312942117892 0.027252385033239956 0.04399735126040313 0.05930658889093907 0.03646438977406891 0.031398229148587475 0.023672033228061502 0.02355521279971886 0.0072961618171886195 0.04260247968438365 0.07342945549237774 
0.0023846319197662266 0.09516284261345184 0.06033974362352717 0.06557355929990542 0.08983662307960551 0.07856608650135637 0.02031117392827862 0.05876686132153105 0.07851346782583901 0.033253833712481105 0.08779487804241912 0.07049077269731771 0.016537479313594335 0.031690393360991755 0.01679527752542156 0.05413138712908485 0.07042908366864677 0.017744542080044525 0.027811084359032463 0.02386627799770453 
0.01257472847331681 0.1110815822737991 0.05238913903748072 0.08575339634336243 0.09262030053260423 0.03697552326576751 0.040777441401595484 0.09403852688328163 0.02919679546225648 0.01958918095584951 0.009756774218375204 0.08404380193902211 0.034245585321046844 0.04879024116001252 0.03204524403541683 0.03284216295309692 0.003889445862345544 0.08703521249907074 0.0006342399170060706 0.09172067746529339 
0.04653643421663048 0.09181625290252916 0.00644865968810662 0.02150768115835737 0.029671238905647938 0.07012825396798945 0.07470657588749652 0.02553994708220989 0.05084717656656465 0.03085662840482124 0.05279531084118492 0.027350752595413044 0.059452648200010214 0.052331362227951914 0.05717330383647065 0.06619812016366212 0.043901420489280724 0.06316416940769734 0.09632453594402966 0.033249527513946005 
0.05937990572630066 0.052782677403905354 0.00970194072351332 0.11436493562192528 0.027058425947743187 0.06830460100214868 0.010871031889677028 0.07915576776989197 0.0741591014050554 0.06614421170852886 0.10040320919378565 0.09818102583926101 0.03473104497665052 0.045278416354998685 0.043390577625354594 0.07461839567492855 0.008421357532725878 0.001581237839874909 0.0002748026578981438 0.031197333105832382 
0.09804836463286813 0.04919187904609296 0.04041897125779141 0.015169059014706518 0.06695691577491038 0.06908715523125603 0.08275572503516092 0.07867590363087498 0.013305254382564337 0.052672179819217596 0.038066039139885696 0.025945151259909104 0.006548870344510639 0.04702418795459637 0.038985827195781995 0.05060999997554763 0.07703945104649629 0.07414744115675388 0.07474858784108271 0.0006030362599924612 
0.014134927711262677 0.01226464415900243 0.030650945711514208 0.004127952499655266 0.07204511925930318 0.050954545832452215 0.08055348788031685 0.1588723550531697 0.0827632972870299 0.0008968590574595266 0.016637921196605884 0.057944317861832864 0.0683702799319344 0.04781167303341534 0.03514531030224652 0.058763248413521096 0.05465617089346661 0.08668850482346571 0.020060463215331246 0.046657975877014445 
0.1360942084411799 0.030073290563505096 0.020448691622291154 0.012704537356218376 0.10994565486581893 0.09873264072432972 0.05835157776393433 0.014770132014598281 0.03325561719991342 0.08051327319347465 0.02950052432811414 0.039168884749072944 0.0644228704338548 0.013370660094411433 0.02646781641011256 0.05393167951225053 0.05781952261654759 0.006323145926555383 0.04298865505870196 0.07111661712511466 
0.03582543220145442 0.0017959485165719928 0.002663962978852783 0.03085417406356218 0.0008711427980250226 0.04789088928834268 0.07282347708354357 0.09523064127376996 0.029400916561506674 0.08113810800012726 0.10074148734543609 0.07115271470792127 0.04737700831279885 0.04167710831979634 0.005062742373915313 0.049761485644026056 0.09715017794526042 0.06469510339452646 0.016530155204943102 0.10735732398561953 
0.0050725060245989054 0.03413134958417962 0.04309078485722725 0.10424042801547061 0.02894214580990508 0.0617512035061382 0.03352861054818661 0.06873957869720938 0.025167309948029865 0.054151244882102406 0.07425060709048419 0.0958279356872641 0.030445516681286672 0.03392450688718354 0.049581985341342776 0.025469609729451337 0.01996537166398565 0.0886781980173149 0.033801874791662405 0.08923923223697651 
0.07473548115632277 0.06643045621102758 0.08055737544171776 0.026953755637831287 0.04646370226283122 0.0722218094601128 0.06487078255948177 0.0019614815044623926 0.002867808866997486 0.04180814118075692 0.04242607549454653 0.06267045673824849 0.05824670727830708 0.021224429294968206 0.06200980564854802 0.09455268704839769 0.036460641486742634 0.06209494032220423 0.0601456752867028 0.021297787119792428 
0.01117151826980106 0.02003624843529412 0.027236193165422605 0.05526960769324227 0.07217171761271723 0.14094387672168066 0.06254799916232345 0.03562522302937744 0.0010603273195278129 0.004808666427882997 0.008321720856546781 0.03783000070694056 0.029772559318630057 0.09053300516262654 0.049165491943667504 0.06668167509426856 0.04581014388405696 0.06788533054677807 0.12541268570741756 0.047716008941797686 
0.0014881253799615055 0.11734219866430863 0.041322590125158404 0.02517453389509759 0.0033326534456090133 0.09876158438441467 0.07582729535122562 0.029872176026622014 0.05213578225659044 0.030695063293092448 0.13744396959843677 0.09613430230076085 0.015392748842287701 0.021230610819088485 0.04189672816658239 0.03406041469102495 0.0479624495447506 0.09059950463766724 0.008390393608299717 0.030936874969021033 
0.07699238644918328 0.1341624775309162 0.06000551177500146 0.06598812839841295 0.08148593473857906 0.019220526412811155 0.030088469238930042 0.022112194173216533 0.014794328096706019 0.04602595846017997 0.0044771192552689595 0.0037098641776951986 0.09438445409140925 0.11231555450443567 0.06271986617421739 0.015476027752427065 0.0793158752054684 0.02407061091835528 0.042581685971704024 0.010073026675082196 
0.009272487409450206 0.0867195778912089 0.07718262423085069 0.03215309192291564 0.035387447935911386 0.07000542517613177 0.0036488434691229277 0.0672865001650443 0.022708803852162323 0.04385950531757444 0.07878661362453364 0.02865963102731019 0.039483258557580454 0.0856341784062857 0.033444542382272686 0.04565617439392133 0.05796533849073172 0.0808792857185771 0.011530416128586449 0.08973625389982823 
0.009308987438790661 0.05120149191438427 0.016868640842786154 0.04392540005185645 0.05590450543008929 0.0887591877374366 0.07021041591759254 0.014530254671341822 0.0011841384568352042 0.09469670222243305 0.04016815655727965 0.08401772888080206 0.06984687755171484 0.078063627583315 0.06689006561886823 0.027788164172198378 0.07081183604202379 0.08611463412062614 0.0015828008755759452 0.028126383914049886 
0.06770546613494785 0.08437517832870776 0.03674553251914358 0.017382699952041978 0.031076262828551814 0.056847238402637015 0.01564872609411513 0.03820142985056444 0.02771590263673904 0.14434104184028673 0.006591615979041511 0.0691595057501897 0.07445581962027874 0.010999003129174087 0.09004479260636976 0.05002992061184901 0.050598884744305614 0.0498023963212791 0.008430179486878539 0.06984840316289857 
0.04113986107331399 0.011917087340265808 0.028637459532230167 0.1114332446439709 0.025277343419249875 0.12203835761370374 0.02664366844680705 0.03134816770649044 0.08741448630532851 0.055864241754799086 0.028869094654519017 0.03682146384055272 0.04374564792060923 0.09397447123076104 0.02598361527997385 0.002860983355595842 0.0223413092622323 0.058525949051252434 0.04055167210235052 0.10461187546599343 
0.05810802856720317 0.011199447307163548 0.08173963909183155 0.04326305047993393 0.02907554981985755 0.0033641748334199972 0.07243347414572747 0.056027693192624434 0.033152790916122436 0.06915600883183841 0.09071414206981482 0.05419048687099723 0.021020585602167713 0.06779734773137641 0.07871543424524248 0.03805188611635063 0.016781156966433456 0.01794667562253893 0.054985617906935756 0.10227680968242013 
0.04709174954689278 0.024550144622702087 0.07247332275103519 0.0728613253020442 0.05745254355888756 0.08003227583661893 0.03138011137754416 0.05539341556993178 0.06507934097847673 0.05491651517415631 0.056289337322555394 0.008291361248183369 0.030157900523922053 0.020820781659699673 0.014257964591942273 0.01748513462708144 0.043245387107524326 0.10211327888654155 0.04537296718667441 0.10073514212758572 
0.10780469054765959 5.0337306379971966e-05 0.01829496694873485 0.04707210865155724 0.08940520922344412 0.00439118599990738 0.03334728423824097 0.060566258370805925 0.010142729165285082 0.046234016799985206 0.055174875726520266 0.09620372190226771 0.06737500360963891 0.06471434299396983 0.11227902840756022 0.036471127868333966 0.0028066006377147866 0.041047239329379065 0.052280335267123 0.0543389370054919 
0.03372354296321145 0.09744631887325601 0.06750811302913713 0.013148507737800796 0.11859439683191587 0.05512696246451775 0.014464161654698231 0.004032256513885029 0.16280358972519857 0.07879524751485807 0.07711455291938325 0.03608011607510558 0.05485006828620651 0.07093910538225855 0.00144592386798152 6.298416605865009e-05 0.013886168630095919 0.0046194603578969895 0.020775378539138523 0.07458314446739558 
0.0403616570500991 0.013557826900833087 0.004892824467479589 0.027736287130505115 0.01094021644382936 0.03682236893258087 0.06275298110362018 0.05796138068600158 0.0636510587906202 0.03579312370960371 0.06729220997745064 0.08162729189294031 0.09280807650266756 0.06571809031952633 0.07170029692631967 0.046352718981036434 0.03422644041960712 0.09024094832919838 0.03383965895428731 0.061724542481793446 
0.08865029040345272 0.04053245642704696 0.06747643785203207 0.04538813156991005 0.004383462076493364 0.05117806364267672 0.0684767781913885 0.07501681231208872 0.06290275161639747 0.014115993496873164 0.06173340163190933 0.05042494429998508 0.01702327709305607 0.08222224298405108 0.07166636443511534 0.05965959545492728 0.027808592993984933 0.08325507147807046 0.02231024923758546 0.0057750828029553 
0.06556007212322264 0.010826086548554036 0.03859081557133456 0.09382205529556771 0.07763525057599431 0.060554959192081835 0.10268313562944939 0.026213957018005486 0.02597945499422472 0.005363048835472021 0.004902078841035386 0.08431985890937757 0.011558529158812877 0.04253240557567617 0.0336905083876076 0.08428905892478615 0.061567753850105066 0.07502503959266595 0.01681811647034679 0.07806781450567982 
0.06367085082825168 0.011616534312755115 0.060011316194031376 0.03846889547933 0.03321759620691852 0.14323942016246777 0.1006885688435141 0.031144563111398443 0.012352633403190568 0.002016327746237386 0.08606119051527819 0.017031752885495008 0.07655043438955515 0.05526198505591568 0.07139865592956612 0.03975925181591841 0.022236669924764103 0.061283484360842785 0.06958730424603685 0.0044025645885328105 
0.041889109406844004 0.10103834821310972 0.06041918697751093 0.06260869608884748 0.05933534686152866 0.07153772429904268 0.007527829546701144 0.009571539004928598 0.0644953800159854 0.047775721656028135 0.07334242765172981 0.008479628475336523 0.012173411594488731 0.002518778018513703 0.07937470780891138 0.0677769748876499 0.030155308137401974 0.04115576761968879 0.06860595886799377 0.09021815486775886 
0.006488849966103475 0.04609923256607993 0.06370607182257379 0.12552777141882715 0.08072272667546614 0.030865689323912378 0.013590426779765722 0.0655384713557396 0.05232566527803908 0.06797601284676132 0.030271008157777956 0.013770597404642385 0.05922517482785929 0.09706296503947123 0.1031192526321834 0.01569536465634556 0.017181136297417562 0.09176574951869754 0.009215388235515489 0.009852445196821085 
0.04037335546870693 0.10498233425667218 0.11657152828054597 0.06787726011912439 0.024125659430678775 0.10677240326692727 0.09672646404462636 0.10889580879672932 0.03502162406722359 0.008197224727034769 0.003256945371248321 0.008526540310200618 0.030810031665029134 0.057251926623216064 0.005353840542097781 0.0721802873672363 0.002617249170733517 0.0036292775291531004 0.0037430413826767444 0.10308719758013885 
0.04499435015651799 0.0217901780652365 0.004293647305776108 0.06263552682676131 0.01574297677498174 0.0702769476833993 0.09150697266331805 0.06188795179836343 0.012785630595420932 0.001980740762855751 0.06373270117163941 0.048702500166108165 0.10423225843079752 0.10605966187559819 0.06493161473865244 0.02775573906249297 0.044229788766307586 0.05123252945208568 0.031308637295125896 0.06991964640856109 
0.042605641095182493 0.025457193656585896 0.03515069938492781 0.0018980457064408452 0.01606626455572442 0.08291117258027265 0.039622020569206655 0.08049900890609299 0.06505445504488545 0.053431243926547 0.011315406302101018 0.0683224547233982 0.06833341222018137 0.01718731020737393 0.06113149359013617 0.052169613037233144 0.023791914955958865 0.10153377664572642 0.07513875173777068 0.07838012115425404 
0.011093046140870958 0.02929133121904767 0.06105107421981563 0.027887664626247807 0.0963751525777099 0.07228122128270874 0.01343891756902543 0.005317850541216182 0.06667340412151905 0.030713087410984722 0.02693420118130373 0.1593089655029137 0.03571487521323694 0.046258164426531384 0.039894567562119156 0.007639992339635352 0.015411634516289498 0.10474620307044262 0.0047353457813808595 0.14523330069700077 
0.1137328354653938 0.024163889873463063 0.022272479420646044 0.005859570112012674 0.06491859280492039 0.024747825272784477 0.10196769930722228 0.03671346498402019 0.07174626675921704 0.013794879563467593 0.07121968600244612 0.027421014823178907 0.0175602603226381 0.11045086255832941 0.03828351699097615 0.03609204931145951 0.07432886399967227 0.04818463832862548 0.06593066169508015 0.030610942404446406 
0.07193152462533715 0.065684525870288 0.003168103038584907 0.09115337200259552 0.0772667802179594 0.06823751478257314 0.05435870593311262 0.011690909861992503 0.039784313741752626 0.001237487872687085 0.031151764848105726 0.005901695400158566 0.03217932114311486 0.11537257202454564 0.00948389385194056 0.10604688131899508 0.060943209463786424 0.09595355175027477 0.03130515251246408 0.02714871973973133 
0.028124294407110957 0.051439528179293724 0.019756652757348232 0.041702457227756076 0.04785906594197127 0.09251361024008975 0.05054572968171808 0.041147790635455664 0.07624936249804723 0.003787850740276701 0.07367611603714677 0.09717285297033727 0.004793825731068433 0.07628548641267095 0.020011023091862982 0.060603501376123275 0.06745087061882615 0.00429479336880066 0.007291030860342489 0.13529415722375332 
0.0338661369815693 0.04366990258505284 0.04597546911186006 0.04056384030507449 0.03086539313272192 0.08665478811142036 0.07888116747463733 0.06029692071451904 0.059354559098011975 0.011479294396336355 0.06397534022295154 0.045618304821810736 0.08165223012002475 0.09790587239322196 0.031980521822376075 0.013785603603603928 0.05521402681579644 0.049592415806172845 0.018393685646462245 0.050274526836375816 
0.058080083578256746 0.029545238037752955 0.0036352958667226713 0.07059783809516375 0.05648281957994234 0.08225404371590178 0.06459185838524588 0.00671877571061305 0.03402502990911879 0.040182146059692087 0.03035347862837171 0.060616008455339654 0.04084969459797812 0.0413507419256381 0.05021028357356072 0.048928383779215545 0.0773529223148474 0.07089132261184987 0.06813078368829269 0.0652032514864962 
0.009227824158448828 0.01113774518373505 0.04887775901538538 0.08229771010030294 0.07735186599995607 0.034270406728074194 0.07408203347019372 0.03918759977045515 0.03681620312588349 0.02318940517316144 0.04941180767651737 0.09133983706307307 0.1248221491377541 0.07924926132519562 0.01562774075240997 0.022730035931671232 0.058067314282639344 0.04558405787334438 0.006799662917843449 0.06992958031395514 
0.03663541717729331 0.053616712935375704 0.06671302313412697 0.08299994882939066 0.009274451907887763 0.05290248038430493 0.06386733312053632 0.04785510050857912 0.05775503234370415 0.07465384433002101 0.02240724481008812 0.02581254446021602 0.06594596727590957 0.03620166235857889 0.08499769481207542 0.05425970660699997 0.007293840254053929 0.06736058002545589 0.024045798308917878 0.0654016164164844 
0.050391834973837465 0.07290421605822824 0.09985356516051629 0.017477628294321403 0.04942685722112682 0.029808846914165958 0.04590706453558989 0.04293579940465331 0.05561729821981082 0.03407892420680392 0.040039262499406446 0.04604262711556993 0.044417570271169673 0.03559171217401455 0.004789807353116504 0.015751030436014953 0.0871062078178632 0.10158901250029265 0.09304418293679023 0.03322655190670776 
0.07726528196586331 0.05866914296842581 0.08184829857079688 0.06577699184337416 0.05748752108579042 0.007706070488479867 0.045467472528987786 0.054216199823129856 0.04633274953342351 0.09149970870213929 0.052652294419242816 0.03233728820608992 0.01885115843608756 0.0209553710022668 0.05034851744260508 0.0607400430327055 0.03855194487060387 0.02956327257147756 0.08358609684439623 0.02614457566411375 
0.011248359114700344 0.07464812430914196 0.015237467090168539 0.05073903445469626 0.04438282248418979 0.07624564272672864 0.09892001045647675 0.004713828021073744 0.030451076880449037 0.06888587759938818 0.08104601278497785 0.04037909404368629 0.10182917901436318 0.047102665307128144 0.05017739814596487 0.026216335800005184 0.07997140977057311 0.09003446088331918 0.005449919365961075 0.0023212817470078975 
0.046466003448226 0.09259654269324308 0.018697828861086795 0.0555092210462592 0.1111178710275597 0.010748381398831754 0.019607971867332263 0.00633544642307781 0.05028053903395624 0.019446803544113503 0.09596876133565768 0.0548497835808426 0.1248998362200374 0.09696836571364008 0.00357857292405343 0.0291180324160206 0.07220707819263344 0.0595970882669296 0.01657808056089693 0.0154277914456019 
0.09671391068162015 0.07304731315191208 0.06478334810456078 0.06889466878869505 0.0383339610567222 0.007783238411727987 0.030004937985138855 0.017146100211989913 0.07156505840564316 0.07050017860647001 0.034154357148840395 0.021252647136061013 0.07873217596105092 0.05469700992980756 0.01598826379096229 0.02857162531502209 0.07055873245428422 0.05110479392728911 0.06340635994150456 0.04276131899069768 
0.06085599174202474 0.06636933042202096 0.01595933749673952 0.043065331829718355 0.014456636612265716 0.08300654839414348 0.05175312098242016 0.04278288693202406 0.08043717406567343 0.041046471067805256 0.00048199306326058953 0.04162179876030903 0.07008650005963281 0.06632159695356889 0.08788435050284628 0.02255815175869701 0.004857591681425793 0.08006355706710895 0.08768846810181227 0.03870316250650271 
0.0448513058086004 0.0770808441374411 0.06927578354780278 0.015531505483766833 0.05324007800561368 0.04825659400558635 0.07841196327549471 0.006186995036000441 0.020376376536182874 0.01629219516458209 0.03596443715215964 0.09576061566370903 0.026860182208656623 0.008823361564140545 0.06584299037503832 0.09138259189586694 0.09223680515441618 0.08444227133833838 0.06388459713104612 0.005298506515556964 
0.13381450856842564 0.04846346012784343 0.08500618376316334 0.004414256301062474 0.027333416842609825 0.027239753232004057 0.10370025041954244 0.021868421445559356 0.09833702677709996 0.04292239890422828 0.0051162312859727955 0.019275381782946386 0.09030387415906985 0.0013594607751807879 0.09372559229118889 0.05041751650960719 0.010102557569735252 0.028302593354028436 0.02043036210643388 0.08786675378429767 
0.031184621075785048 0.029765204697045394 0.09351955649423901 0.049100060291024504 0.015603572605028235 0.027212514933113795 0.026583660995009327 0.10856397104986895 0.06955048938824324 0.10373448576502738 0.04487684830170144 0.029663236944455308 0.007736256040937292 0.028228633975461447 0.07334326260871031 0.019283664090228365 0.049342730176187496 0.08573322184942238 0.07707905476347295 0.029894953955038172 
0.02189313119542324 0.08847514672143868 0.034321369558292555 0.046441324543399755 0.05780870816829227 0.0001446902677923357 0.0655938916370268 0.1192579980469939 0.05570352998533583 0.0027965727005015016 0.07863453161982938 0.062166981146352225 0.03844391155887326 0.050411802093275296 0.013405226263172238 0.10499452929567685 0.0477177596803818 0.0013217694326603095 0.10765261169771799 0.0028145143875638393 
0.025619493907433497 0.0342670505556821 0.0022026170039360256 0.10197658625645839 0.07851679343998481 0.1409641137677468 0.0033458461818035388 0.027284853398746065 0.0076906501791248515 0.13958116372485027 0.054558548843037014 0.0496507012962766 0.035991384346525955 0.011816584853293434 0.03212534784736328 0.018724059362404673 0.04821592031497155 0.05909152292511779 0.08707285843777673 0.04130390335746659 
0.1086468254833414 0.04585558367324103 0.02750334266375774 0.07466354541634658 0.016634776480470445 0.04743240956529718 0.08145319563167563 0.09297237201989561 0.014613721957102376 0.06857788478010389 0.06246002339520092 0.030002796411066998 0.06849952200473049 0.021403100155233445 0.0023598089465743516 0.04914431249777006 0.061214942002772166 0.07572365667330747 0.009023402614242103 0.041814777627870156 
0.04452208440344256 0.01187874367168562 0.06928658837183796 0.049212373296281815 0.04040544144846712 0.04291125709167571 0.01936773699410944 0.0900121503612015 0.04239063486674247 0.08181491680206403 0.007277164153595306 0.08346277850502884 0.002877905768631861 0.021324098376122556 0.11396334275577875 0.06127250773378547 0.09930562528906281 0.0290826722021709 0.01779985456657672 0.07183212334173852 
0.04131655957517115 0.03168077298398003 0.02887248657443798 0.11753448495782046 0.03281276566279356 0.0015963491152354212 0.03368861052323943 0.07323181232159817 0.063873221154754 0.04441531350482598 0.055099603936898 0.07217665180920334 0.05891401378147164 0.052469099256630444 0.04680227977045918 0.08195402314540527 0.036536663444659945 0.03629055247521058 0.037048854648225035 0.05368588135798041 
0.1333956721893778 0.04900157992997714 0.05074454863565419 0.04854728289947524 0.016327346655543154 0.026706104844657304 0.03214113956197228 0.040694928875764654 0.10795505425277016 0.030718743905620346 0.06508045054923567 0.04262664467153366 0.05632313822655369 0.1309887572480279 0.03568602169728968 0.06532429981728935 0.0006540926219552231 0.04651680749198001 0.016377420397457976 0.004189965527864593 
0.04491645917477619 0.0525248393089885 0.0693082136941711 0.011206838268832866 0.08097678618043302 0.06665637813274253 0.0645181295139296 0.04314535223022153 0.0444001086126556 0.07852811590455991 0.04516279422823612 0.08509794702298859 0.009485527599377578 0.03910128283723984 0.06064147077570824 0.05479613101255339 0.07790246818413625 0.02700791784916884 0.015705537975299427 0.02891770149398085 
0.10124766833722346 0.02081363798044512 0.019925059635500963 0.04928485830381941 0.03503959660972676 0.12124896347227707 0.0922498354132028 0.1079349370339812 0.059955238726087726 0.012413366985127742 0.005069856150447902 0.03486794827425486 0.044907896363105555 0.06901470760229436 0.05818034684754933 0.07956388337238009 0.012269015602923825 0.01424928204641252 0.055998260844274964 0.005765640398964385 
0.056708690569236594 0.05666259103832085 0.043634708021308394 0.003157194867098862 0.09532721539069261 0.08075709955394819 0.017164106602078844 0.028860492081234014 0.06155871268393597 0.07986085356734524 0.04015646988628939 0.04185950698820022 0.047768296465467264 0.08974369001677375 0.00893086360804551 0.0843428793730584 0.05452963281084337 0.07343827474746017 0.006405603508559407 0.029133118220102915 
0.03757154923249784 0.03372414366907047 0.02689869304243108 0.04893116844114894 0.07488243795135761 0.008111800420878562 0.03253606302542355 0.052971363882053125 0.07718740990906857 0.08631845405311332 0.08540162520944744 0.02409345427254292 0.01613015423216696 0.0639228333816961 0.08108039547731204 0.003940746123587072 0.033357997655446434 0.09213870982436799 0.04926601508582198 0.07153498511056804 
0.030923590028273194 0.026964949910792953 0.04897955772029937 0.0721135956908262 0.05212880049475029 0.028087057021489923 0.05080479737404267 0.06500959888886736 0.030770350237648493 0.036654188877011835 0.0014514413210045653 0.026272744774983342 0.06230441595128976 0.030259985757726527 0.07567481053567486 0.018050548228547052 0.07831234651057332 0.08667968092444858 0.10083916161515244 0.07771837813659718 
0.0065498758588504345 0.05790661714210311 0.023370725054986666 0.11608088207104607 0.03287025484286535 0.08168800014883257 0.05162174650865569 0.03629886194055655 0.009423662429343616 0.0626152146558516 0.10204337909823663 0.07132855623485988 0.05905665053848602 0.01337876435304059 0.0028079354907835897 0.06309699617151546 0.05746625377287592 0.025641088745588625 0.055852537007144924 0.07090199793437667 
0.10484198243188335 0.05298881736016789 0.008185778706000572 0.08095972293047847 0.03891036970605781 0.0032038603135092843 0.0602044895240193 0.015926502643277097 0.0006158131030273245 0.08346099386285402 0.03987753274504062 0.014448046751793578 0.023802175816061873 0.04955151177741533 0.07417061028152874 0.0422146516246672 0.044132561101909856 0.07507279847944853 0.05534320294037615 0.13208857790048306 
0.0850423821690387 0.06024339150375382 0.010276988076525986 0.033141024154820724 0.009865835798590152 0.07226506140586711 0.026855955675604035 0.010893971002799966 0.07107334705553434 0.021658296625698868 0.0017193288462332746 0.05999378495569961 0.06328374098675113 0.07523586938841817 0.10282106216061707 0.009986351806348295 0.05283975915778135 0.09166431858349706 0.0878692246439995 0.05327030600242084 
0.006226423654935878 0.08192777014921314 0.054163362977269196 0.09348438450792693 0.018681594442596157 0.008731104897587858 0.014941273937736005 0.07583294994622553 0.014376041740672488 0.03712014304767286 0.02956511386813583 0.021422066661813344 0.06166967262201972 0.035999837852975246 0.12176482648359402 0.011941653103563989 5.5585049614446405e-05 0.02992718221366701 0.13977970076644788 0.14238931207633254 
0.02496895609527445 0.050597126313380494 0.09112620122781044 0.004108601883804007 0.0466481931347209 0.029212876118681223 0.030326168773158243 0.1213381648479348 0.098465590631076 0.1196830075763672 0.08584196990747671 0.026580368495416395 0.019547177003542984 0.026214020942791197 0.005906093550612048 0.04742010687498373 0.009771707373885018 0.07301840715660837 0.08886538482573252 0.0003598772667433106 
0.060360472011916674 0.06167871357384697 0.0071781747506898495 0.04863583630138644 0.01903426907384339 0.059440074326165784 0.047109579513286814 0.014994746240899685 0.08454230538139408 0.1343570441282498 0.05387822550679354 0.014368627342441497 0.0001830300627621814 0.04976109984906067 0.0573210567460993 0.011032209260475207 0.014929625342886735 0.05038304653509595 0.07915323830508371 0.1316586257476217 
0.08845525912980168 0.05867105576353654 0.01083301817070343 0.028277998058391197 0.0005341156281980309 0.10209455400409656 0.07332601908050662 0.01125250773446329 0.013635394856651273 0.06070733310882689 0.01902902950947705 0.033400575037266476 0.028090939277118136 0.08151686549022194 0.09148101198020389 0.07082994459749238 0.09123835660819823 0.041721414985421645 0.05636923637995794 0.038535370599466844 
0.12632292872035972 0.019521613245865602 0.027369865803946635 0.05041392161617044 0.0029038444578316346 0.053768790886015536 0.027195078549019668 0.06594389961890959 0.036353320121227786 0.08555104952628288 0.09650302359848688 0.059918908596041764 0.01717496207479332 0.05791053522313934 0.03372746185827959 0.058144479775882406 0.040154638957390035 0.030381630086868283 0.09247529367352816 0.01826475360996067 
0.0001354322683458586 0.04113406523979457 0.014598341980002247 0.036245072848143066 0.053785015607734 0.06632006326351983 0.07249888144663827 0.12732848944819555 0.03906116500036935 0.048604552161849925 0.05819034265459232 0.018807049265602605 0.0074220419965978545 0.019151597364009513 0.09678037564957372 0.07271281985152696 0.017099894167110562 0.002129099233953922 0.08921935318419612 0.11877634736824383 
0.1234995570833096 0.07893607758707036 0.026817620067171907 0.03712243754616582 0.06340228884281915 0.023511741424898886 0.06297050437760286 0.04122984288001403 0.018714457919751886 0.06865253492284963 0.02513022026497665 0.07941196387953049 0.028711860021868818 0.031954956324282795 0.03214811962562187 0.055670169279815024 0.043644136071054544 0.07066507612135538 0.005888073868679799 0.08191836189116052 
0.03424576883754292 0.07974460041893204 0.02104204711551604 0.11118799294089883 0.07293465667238658 0.001204450295867393 0.051004009939501826 0.04219696018680844 0.017967689808422636 0.07638394151273646 0.03317472169591057 0.05130724751722071 0.0017214981238503745 0.08808046616469256 0.07881273773304147 0.03280672996139277 0.05708216853839488 0.05597913168066589 0.06767478125392433 0.0254483996022933 
0.05768946481678189 0.0522267312554287 0.03554496571650506 0.04443750058604102 0.15832604736041678 0.04254083707840978 0.029050771118022695 0.0908544233583916 0.005920180336831188 0.05728464953698056 0.0189487284181314 0.014148495739947349 0.004562804097935794 0.05250719483165808 0.00745499741445322 0.06968500620004979 0.1340503009113033 0.018986428943733487 0.04427325154076797 0.06150722073821025 
0.10670712695821889 0.0598573628097418 0.051495597597861084 0.04068046379984761 0.009310339747651244 0.021016876678997685 0.04528256809202291 0.07858383508075213 0.056397739601218966 0.0629719832323584 0.06221462172002053 0.04715110841074534 0.03640262441144663 0.052052620646386494 0.05777866471808739 0.027820235847804457 0.026640055154531782 0.12004776340822007 0.031243724916350784 0.006344687167735855 
0.08986559836899281 0.057662634449034154 0.04220883857014079 0.01190508636665939 0.008867276111519051 0.005176415209479521 0.027127290658543055 0.10410173363037206 0.10353100744604314 0.05706982011187182 0.07353346853858747 0.05975374559759692 0.061157583593678094 0.021560342269621474 0.07702419205379384 0.10606453697660762 0.00666470268316159 0.0448628089814823 0.023360143600087823 0.018502774782727115 
0.053588980630899084 0.006951270727948269 0.07153958102076305 0.006448546526166111 0.0466204078416471 0.013221374341220714 0.02676808806272136 0.015272742360684956 0.03865647756190592 0.09764173275438146 0.05401057463672796 0.0644063306004172 0.029473485883951343 0.04936682883528144 0.05378727472149256 0.05372221542850779 0.0746954724351272 0.09624026415411294 0.025564552170829306 0.12202379930521431 
0.0703891203253252 0.020074153996999144 0.029481921970616148 0.0765242429141063 0.008728283136933588 0.12001296541468878 0.02914175330386929 0.048465968835689315 0.01650352762283911 0.018164771439751783 0.04249985610284214 0.04047855362897618 0.06030934122803716 0.08373990184159769 0.1178709630763638 0.059955438224769064 0.02190338426804004 0.07099705611160652 0.05844745194471962 0.0063113446122290695 
0.005718838295055468 0.05865088588062718 0.04200256492197365 0.013580778657883324 0.0842892230043015 0.06802450088460218 0.1027027133601067 0.0661857898346134 0.08650559468699419 0.08691646763671998 0.008825039659321621 0.01615363776154152 0.03576184627546585 0.07637330883705694 0.049041191308606916 0.026380764939435458 0.02739359563131427 0.06541681702634408 0.04831270544854206 0.03176373594949368 
0.0944311316451178 0.05444290639215285 0.006732491448007484 0.006135271163515073 0.09013245223326637 0.01915986090429067 0.02501724729391475 0.037243047508824664 0.047664890414408106 0.0578703208691536 0.10614793276618228 0.049443699608674646 0.02282658175375516 0.010293924185489342 0.06687947725846556 0.005240416692094836 0.04410038353613567 0.08883851824532717 0.12406586330860632 0.04333358277261763 
0.01272089610820341 0.05012161249367175 0.04621694313742819 0.01606000873743764 0.05941085340294692 0.059218430990591334 0.038549539388127455 0.07216135073008327 0.06185434990425849 0.07075722309506896 0.11929016593656686 0.049845360522206214 0.050497469109047746 0.04642758979452709 0.047193560026058116 0.033846016368330296 0.055859450503514596 0.03443551095296056 0.04538682491056074 0.03014684388841037 
0.06948357429685016 0.029385718534413865 0.05533445306291543 0.01184163356955198 0.019721272226021776 0.04982229433382519 0.00491061698781759 0.052262860946267094 0.04919767229132254 0.10360411696687315 0.1365024781495207 0.003964751083312351 0.06584963446962984 0.040311908686332526 0.05400866810330799 0.0763145343222304 0.09380499908295155 0.028965596811889496 0.0020534644374148345 0.05265975163755149 
